350,450
368,430
377,424
381,405
424,405
448,442
413,493
454,418
419,456
397,477
473,435
427,436
464,483
530,482
468,424
533,476
545,493
522,462
575,457
588,443
593,483
601,474
606,451
624,471
562,411
634,458
609,441
571,411
616,494
610,464
616,404
613,468
666,444
714,475
679,442
699,485
747,414
685,410
692,425
720,472
792,421
732,430
738,403
741,467
773,423
785,466
773,410
852,489
789,461
856,434
886,429
900,440
915,423
874,408
891,403
903,427
899,458
876,477
930,480
956,444
990,430
989,475
923,466
1016,439
969,427
1009,482
1042,469
1000,470
1005,429
1022,467
1079,495
1084,406
1077,463
1126,452
1139,450
1091,461
1078,416
1125,483
1093,447
1144,430
1125,486
1180,413
1162,429
1153,408
1184,470
1223,408
1249,450
1177,401
1180,426
1256,420
1239,407
1291,432
1248,494
1297,431
1292,463
1279,404
1317,492
1284,436
1347,414
1342,470
1355,407
1321,403
1359,445
1368,483
1359,406
1430,464
1439,420
1426,423
1471,437
1470,439
1438,435
1503,472
1442,446
1458,466
1524,447
1460,481
1487,423
1539,413
1569,431
1579,488
1521,467
1605,487
1575,477
1628,401
1568,439
1561,470
1567,423
1634,442
1656,457
1630,488
1612,472
1631,487
1620,419
1720,430
1661,424
1722,406
1747,475
1734,412
1737,456
1729,470
1755,447
1803,439
1817,472
1764,476
1746,489
1844,476
1782,414
1857,417
1819,434
1848,417
1892,483
1863,483
1827,457
1893,404
1904,464
1865,422
1933,424
1965,402
1961,452
1989,416
1936,404
1942,440
2010,470
1987,414
1953,401
2025,431
2047,424
2064,414
2079,454
2060,433
2073,418
2086,408
2077,490
2087,497
2113,424
2081,400
2094,401
2138,473
2128,410
2146,437
2108,428
2120,500
2154,463
2214,414
2194,478
2177,460
2247,400
2253,425
2182,409
2241,438
2226,400
2211,479
2256,456
2279,490
2270,446
2307,475
2322,497
2316,445
2319,410
2365,451
2363,400
2313,404
2330,439
2358,482
2408,477
2442,423
2437,425
2380,468
2437,408
2465,430
2427,409
2490,474
2446,483
2432,423
2454,430
2478,434
2549,484
2497,418
2580,491
2511,407
2599,494
2602,402
2535,406
2564,407
2561,409
2601,402
2586,453
2641,433
2606,439
2655,460
2694,478
2692,473
2635,414
2657,500
2716,455
2683,409
2711,440
2749,430
2724,472
2756,476
2795,497
2783,429
2802,429
2823,451
2776,408
2838,402
2801,454
2848,456
2819,460
2880,434
2900,477
2818,433
2855,491
2903,487
2927,456
2936,420
2918,448
2940,494
2959,409
2957,423
2973,425
2934,405
2935,438
2996,478
2954,417
2971,463
3060,497
3025,470
3063,467
3043,467
3080,422
3088,479
3051,492
3075,406
3121,454
3054,450
3155,426
3082,479
3140,423
3147,494
3132,456
3174,429
3142,444
3204,487
3143,415
3188,418
3253,468
3173,416
3222,444
3288,439
3274,443
3240,402
3318,474
3274,477
3256,417
3334,405
3279,438
3360,420
3305,478
3292,484
3316,425
3313,417
3373,446
3384,486
3368,425
3368,495
3387,440
3455,435
3424,488
3393,407
3406,454
3425,442
3476,463
3462,496
3452,472
3486,459
3546,442
3534,451
3557,491
3532,455
3503,483
3537,472
3543,448
3626,425
3631,497
3553,483
3611,414
3584,493
3674,440
3612,471
3637,435
3693,436
3667,445
3699,457
3707,480
3658,424
3697,420
3699,442
3713,444
3787,428
3744,461
3775,440
3782,458
3818,411
3774,436
3823,478
3826,400
3796,466
3814,477
3836,465
3859,421
3877,483
3880,454
3833,473
3940,452
3904,409
3876,483
3935,499
3885,459
3960,438
3992,452
3976,489
3973,497
3963,493
3971,421
4000,480
4028,455
3974,465
4012,417
4082,440
4066,400
4069,436
4066,485
4112,456
4113,443
4060,454
4122,489
4151,421
4174,428
4147,406
4152,436
4159,424
4184,439
4145,456
4143,486
4200,531
4121,493
4125,489
4146,546
4151,587
4140,567
4165,534
4140,613
4119,619
4125,605
4151,647
4198,648
4141,606
4135,663
4133,664
4133,613
4187,678
4102,720
4144,665
4193,723
4177,710
4108,736
4189,695
4188,691
4198,787
4123,705
4160,715
4168,779
4123,745
4179,770
4195,843
4158,783
4151,822
4154,791
4188,887
4166,809
4131,873
4169,855
4182,917
4101,917
4142,936
4114,949
4179,919
4127,963
4102,982
4135,973
4155,985
4089,921
4108,903
4149,998
4061,945
4062,980
4053,1000
4024,949
4026,978
4033,987
4050,933
4024,977
4002,971
3972,961
4015,993
4016,943
3986,974
3953,982
3984,979
3923,936
3969,985
3891,963
3880,958
3903,981
3873,994
3852,983
3838,933
3901,911
3863,936
3847,904
3850,909
3784,916
3870,987
3764,911
3799,995
3771,906
3805,917
3784,917
3722,976
3728,989
3743,993
3699,901
3733,915
3709,950
3743,919
3664,982
3695,952
3635,929
3638,970
3696,941
3687,903
3657,962
3645,911
3634,909
3560,979
3580,915
3532,936
3582,956
3548,970
3561,979
3502,928
3555,986
3527,952
3516,923
3476,978
3508,950
3439,913
3471,928
3442,966
3450,921
3428,974
3432,942
3399,954
3415,969
3374,936
3409,998
3423,999
3375,947
3385,994
3319,903
3340,906
3374,959
3314,995
3325,925
3304,905
3270,923
3276,957
3297,949
3291,958
3201,912
3276,924
3259,969
3174,984
3191,956
3224,927
3191,937
3132,976
3133,902
3127,935
3186,965
3129,902
3142,918
3102,997
3082,996
3079,966
3046,944
3031,904
3055,936
3071,965
3074,910
3041,970
3072,930
3018,908
3049,984
3033,957
2978,994
2937,931
2952,943
2920,947
2955,943
2925,901
2937,996
2936,964
2905,944
2915,999
2922,945
2916,908
2894,932
2844,982
2886,971
2888,949
2855,999
2861,944
2858,996
2799,903
2823,950
2769,914
2773,971
2775,969
2782,917
2741,968
2682,968
2718,905
2672,997
2715,937
2641,961
2697,906
2657,976
2654,901
2639,985
2675,916
2677,986
2586,977
2581,964
2576,933
2550,992
2571,961
2608,965
2606,976
2507,976
2508,931
2503,975
2518,963
2560,956
2495,967
2471,912
2523,921
2498,963
2489,929
2468,957
2461,969
2471,930
2450,945
2360,991
2438,914
2344,972
2414,966
2345,940
2348,922
2359,980
2372,982
2366,937
2317,907
2352,978
2272,929
2272,956
2293,912
2233,979
2213,976
2297,910
2288,936
2222,941
2266,910
2189,959
2161,942
2236,972
2147,941
2137,941
2189,906
2166,926
2178,991
2158,924
2126,924
2075,902
2087,988
2126,992
2078,979
2037,917
2014,985
2026,996
2060,979
2030,998
2067,913
2048,989
2038,960
2009,960
1989,977
1934,989
2010,964
1975,955
1897,921
1898,956
1929,928
1922,956
1907,970
1850,953
1915,968
1872,927
1877,902
1880,920
1858,955
1780,903
1786,943
1827,995
1766,952
1760,938
1748,940
1801,913
1749,985
1793,928
1714,988
1686,989
1670,1000
1681,950
1709,981
1653,965
1638,909
1720,908
1610,934
1633,918
1632,918
1593,914
1570,974
1658,963
1559,937
1604,977
1555,975
1587,917
1555,981
1516,902
1568,977
1499,968
1543,985
1474,906
1458,965
1458,939
1487,998
1424,980
1432,955
1447,926
1420,914
1395,947
1393,986
1382,956
1391,910
1348,937
1377,917
1416,931
1350,994
1372,938
1335,952
1365,945
1310,914
1338,907
1302,930
1277,904
1253,914
1303,917
1280,929
1225,916
1248,923
1211,994
1259,943
1259,921
1170,974
1221,939
1225,961
1202,1000
1161,995
1107,923
1115,948
1171,983
1146,903
1070,918
1118,959
1044,936
1053,977
1034,977
1033,975
1069,958
1053,978
1003,921
1021,979
1055,934
1032,999
953,938
1003,907
948,979
930,967
999,994
938,906
928,969
874,939
906,905
917,921
859,910
835,984
878,937
869,932
807,994
848,942
872,998
776,990
818,973
793,901
796,921
731,981
723,972
795,953
792,982
758,943
761,973
708,910
752,933
709,944
669,941
727,923
666,932
618,927
624,959
646,928
606,982
667,971
641,990
573,964
577,989
569,956
525,928
608,931
542,900
504,996
541,966
474,963
505,998
471,940
505,951
506,994
508,919
437,976
432,936
390,955
467,903
467,913
435,944
359,992
361,998
422,933
391,971
388,902
389,948
356,974
334,929
369,1017
367,969
302,959
315,1026
314,1050
356,996
400,996
372,1071
377,1102
325,1036
312,1114
366,1061
337,1050
306,1129
344,1145
379,1136
368,1171
330,1104
355,1209
371,1156
303,1148
341,1168
400,1190
309,1193
349,1212
362,1203
318,1256
396,1212
392,1305
341,1252
349,1261
312,1291
387,1272
300,1307
400,1364
344,1355
394,1334
349,1338
316,1405
302,1384
361,1371
348,1436
361,1362
317,1391
392,1377
316,1425
339,1469
328,1442
334,1492
320,1495
384,1419
389,1444
450,1406
395,1468
426,1431
473,1476
443,1403
482,1435
500,1407
460,1402
459,1452
454,1486
507,1480
485,1429
551,1423
528,1450
504,1433
537,1463
531,1480
569,1435
605,1450
617,1429
578,1428
569,1488
629,1443
607,1406
645,1456
680,1443
685,1419
631,1441
637,1450
708,1496
736,1447
694,1408
672,1435
771,1404
732,1454
707,1400
805,1466
736,1412
767,1432
806,1447
833,1489
809,1419
781,1469
781,1479
819,1446
847,1495
811,1465
837,1479
843,1412
842,1460
858,1480
906,1482
944,1417
911,1432
918,1459
980,1420
1007,1418
967,1402
1014,1404
956,1438
1014,1454
968,1464
1021,1417
1003,1473
1023,1412
1084,1417
1043,1430
1046,1407
1111,1471
1133,1455
1127,1412
1148,1419
1079,1411
1129,1454
1110,1451
1180,1492
1201,1401
1217,1464
1141,1446
1162,1408
1177,1455
1220,1460
1185,1496
1188,1460
1266,1459
1255,1466
1263,1489
1268,1452
1250,1442
1285,1442
1326,1444
1280,1405
1344,1475
1335,1414
1291,1445
1345,1427
1370,1422
1405,1438
1380,1454
1423,1495
1446,1479
1450,1470
1410,1467
1431,1479
1420,1481
1495,1414
1493,1426
1466,1429
1478,1466
1444,1413
1470,1413
1512,1434
1488,1430
1513,1432
1491,1467
1516,1424
1583,1430
1525,1496
1584,1419
1620,1440
1550,1404
1564,1409
1619,1443
1659,1420
1602,1476
1685,1485
1639,1461
1663,1410
1707,1404
1688,1409
1732,1458
1687,1493
1721,1419
1718,1438
1763,1450
1771,1409
1801,1429
1801,1430
1780,1471
1799,1427
1821,1474
1764,1452
1770,1405
1873,1481
1843,1403
1808,1494
1839,1478
1900,1413
1918,1464
1842,1421
1895,1443
1878,1499
1886,1460
1888,1472
1912,1436
1939,1428
1993,1443
1988,1486
1939,1475
1979,1475
2017,1493
2008,1492
1987,1482
2068,1400
2080,1445
2090,1454
2082,1406
2031,1485
2099,1445
2060,1472
2094,1470
2108,1415
2099,1449
2133,1423
2131,1415
2142,1406
2144,1423
2134,1400
2218,1478
2220,1475
2159,1410
2260,1437
2186,1477
2205,1421
2264,1496
2220,1406
2308,1456
2223,1473
2292,1401
2336,1500
2267,1492
2321,1418
2357,1464
2380,1433
2353,1407
2361,1401
2326,1497
2348,1473
2349,1452
2362,1469
2380,1426
2456,1447
2450,1498
2475,1400
2451,1420
2443,1413
2415,1447
2452,1497
2502,1468
2450,1470
2461,1411
2476,1449
2519,1479
2577,1409
2497,1410
2544,1431
2510,1416
2610,1497
2592,1416
2554,1405
2557,1439
2630,1480
2607,1478
2663,1408
2632,1478
2691,1420
2619,1482
2634,1475
2713,1484
2712,1453
2705,1432
2736,1465
2750,1427
2687,1457
2769,1458
2740,1496
2771,1437
2722,1436
2739,1439
2812,1499
2799,1442
2782,1417
2862,1430
2836,1500
2795,1478
2821,1400
2900,1455
2829,1483
2864,1468
2859,1463
2938,1467
2860,1415
2885,1424
2887,1425
2942,1499
2943,1480
2916,1423
2986,1428
2971,1485
3012,1457
3040,1445
2991,1407
3069,1453
3064,1429
3034,1497
3047,1421
3029,1414
3091,1455
3079,1458
3070,1408
3140,1423
3095,1490
3135,1416
3150,1447
3121,1458
3120,1466
3203,1405
3188,1454
3164,1427
3225,1437
3194,1426
3181,1485
3191,1464
3234,1463
3268,1470
3239,1490
3264,1476
3235,1454
3282,1450
3310,1445
3322,1407
3293,1497
3340,1438
3372,1438
3299,1437
3358,1439
3333,1415
3359,1406
3375,1413
3425,1440
3371,1441
3414,1440
3435,1478
3422,1455
3412,1485
3434,1410
3501,1452
3505,1436
3506,1419
3474,1454
3524,1457
3471,1485
3565,1476
3529,1423
3572,1444
3536,1491
3561,1460
3618,1438
3573,1459
3556,1486
3646,1452
3613,1458
3626,1444
3602,1409
3661,1451
3664,1429
3634,1489
3674,1453
3643,1477
3673,1451
3692,1434
3750,1453
3708,1431
3732,1409
3732,1446
3758,1479
3743,1446
3733,1463
3815,1460
3757,1492
3829,1416
3782,1404
3796,1438
3847,1442
3848,1432
3828,1485
3824,1453
3893,1443
3861,1405
3897,1419
3917,1427
3907,1493
3962,1416
3939,1462
3921,1415
3973,1428
4007,1470
3954,1418
4026,1445
4018,1418
3992,1464
4057,1489
4050,1420
4026,1467
4028,1410
4082,1411
4029,1481
4099,1483
4066,1427
4116,1498
4116,1427
4152,1455
4118,1427
4159,1410
4150,1484
4180,1443
4186,1490
4142,1437
4103,1511
4159,1537
4166,1478
4105,1503
4169,1545
4147,1570
4200,1580
4178,1530
4129,1529
4150,1615
4162,1532
4165,1560
4108,1593
4176,1640
4151,1588
4200,1617
4168,1665
4182,1679
4176,1652
4152,1657
4143,1694
4158,1693
4133,1660
4112,1728
4183,1767
4180,1703
4160,1690
4144,1743
4172,1761
4122,1774
4186,1735
4107,1781
4132,1814
4117,1838
4146,1812
4115,1814
4103,1825
4138,1900
4114,1893
4121,1897
4181,1878
4166,1894
4129,1894
4105,1956
4174,1951
4138,1946
4157,1934
4172,1946
4187,1917
4145,1973
4126,1914
4113,1983
4109,1990
4069,1976
4065,1975
4033,2000
4027,1921
4098,1980
4062,1968
4014,1937
3989,1935
4057,1975
3950,1949
4027,1955
3950,1992
3922,1985
3961,1920
3919,1994
3974,1970
3914,1969
3938,1986
3883,1916
3938,1953
3918,1946
3886,1962
3863,1940
3865,1969
3889,1948
3843,1914
3789,1904
3828,1911
3785,1928
3837,1983
3745,1905
3745,1969
3775,1961
3772,1948
3702,1982
3786,1945
3703,1957
3688,1910
3687,1945
3740,1922
3669,1988
3680,1918
3692,1989
3662,1976
3653,1910
3600,1976
3602,1920
3616,1940
3644,1934
3646,1958
3589,1965
3619,1959
3521,1972
3545,1951
3527,1973
3491,1917
3536,1999
3475,1990
3497,1973
3453,1966
3455,1962
3509,1923
3496,1919
3495,1952
3488,1912
3454,1946
3450,1906
3466,1995
3393,1930
3446,1981
3379,1986
3330,2000
3327,1905
3409,1920
3301,1955
3355,1999
3375,1995
3337,1960
3338,1995
3273,1960
3255,1948
3305,1972
3280,1998
3301,1981
3210,1971
3286,1943
3255,1947
3241,1915
3235,1986
3201,1928
3234,1949
3188,1908
3190,1969
3164,1915
3136,1909
3188,1976
3093,1937
3137,1926
3072,1942
3145,1904
3115,1911
3129,1979
3059,1943
3024,1977
3071,1954
3070,1960
3066,1943
3033,1922
3043,1964
3036,1921
2976,1954
2944,1999
2929,1986
2950,1915
2914,1973
2927,1935
2883,1933
2955,1977
2900,2000
2854,1935
2920,1985
2870,1906
2864,1959
2871,1994
2804,1957
2812,1968
2829,1934
2849,1937
2852,1995
2794,1938
2799,1904
2781,1958
2807,1946
2809,1966
2793,1988
2697,1940
2700,1993
2733,1992
2732,1938
2710,1911
2672,1924
2720,1937
2670,1962
2668,1903
2666,1948
2618,1912
2584,1931
2573,1909
2602,1992
2603,1947
2593,1983
2536,1977
2549,1969
2560,1977
2598,1933
2499,1942
2538,1902
2472,1921
2476,1926
2507,1944
2458,1928
2483,1904
2430,1991
2434,1913
2432,1957
2465,1903
2391,1982
2419,1941
2425,1975
2379,1980
2346,1934
2391,1910
2356,1928
2310,1918
2315,1953
2357,1917
2299,1992
2301,1929
2322,1967
2267,1977
2259,1962
2230,1936
2281,1947
2291,1935
2222,1944
2272,1999
2251,1989
2247,1990
2220,1936
2195,1989
2231,1979
2181,1951
2188,1940
2196,1991
2178,1952
2181,1989
2085,1958
2075,1979
2140,1923
2146,1994
2080,1905
2042,1973
2046,1993
2021,1985
2056,1939
2047,1907
2029,1921
1972,1980
2036,1991
2047,1991
1941,1943
1954,1977
1963,1978
1988,1973
1989,1962
1980,1906
1929,1986
1963,1978
1862,1985
1851,1981
1896,1995
1909,1934
1899,1926
1857,1963
1802,1973
1857,1995
1815,1938
1863,1952
1776,1980
1821,1933
1782,1984
1824,1995
1721,1989
1752,1953
1740,1946
1709,1977
1702,1923
1738,1900
1744,1972
1710,1944
1697,1965
1692,1984
1716,1996
1659,1978
1698,1969
1685,1999
1610,1947
1599,1985
1642,1922
1581,1911
1595,1932
1569,1987
1527,1907
1563,1950
1550,1922
1524,1922
1559,1953
1550,1921
1513,1936
1455,1995
1512,2000
1456,1923
1421,1969
1482,1921
1417,1979
1463,1968
1476,1929
1438,1980
1372,1985
1350,1948
1341,1965
1400,1998
1328,1949
1378,1997
1356,1904
1351,1985
1297,1918
1305,1999
1285,1994
1338,1918
1312,1926
1322,1921
1231,1956
1249,1913
1247,1995
1253,1955
1232,1991
1183,1921
1174,1925
1191,1905
1234,1990
1140,1968
1184,1917
1209,1979
1173,1922
1122,1907
1126,1929
1094,1989
1066,1954
1116,1976
1139,1994
1079,1929
1119,1957
1044,1920
1050,1913
995,1988
1051,1909
1030,1968
987,1957
1003,1945
950,1925
940,1958
951,1985
925,1992
934,1924
955,1935
959,1948
900,1976
948,1961
882,1996
932,1967
851,1960
875,1932
905,1944
841,1997
873,1939
803,1982
844,1971
777,1933
824,1946
828,1900
794,1943
788,1988
727,1978
775,1978
764,1953
768,1956
701,1984
726,1931
695,1972
641,1914
716,1997
664,1985
624,1907
690,1973
684,1909
655,1932
637,1993
582,1955
595,1934
594,1965
545,1914
618,1918
537,1981
588,1900
517,1947
557,1934
548,1921
522,1951
514,1970
537,1959
477,1970
478,1944
483,1955
468,1999
455,1916
381,1976
446,1927
453,1982
432,1950
346,1952
343,1943
415,1977
369,1958
314,1996
365,1942
375,2016
394,1939
312,2023
360,1975
353,2045
336,2006
323,2028
358,2014
334,2029
315,2062
300,2040
369,2072
326,2083
309,2058
301,2117
387,2150
330,2087
379,2155
396,2158
383,2172
384,2217
319,2222
365,2180
387,2151
308,2188
355,2178
346,2220
384,2223
352,2201
318,2278
334,2278
327,2248
319,2270
321,2314
320,2342
305,2290
349,2353
305,2299
394,2306
391,2371
351,2367
380,2397
340,2424
386,2439
328,2371
313,2428
349,2432
334,2415
389,2433
391,2472
350,2436
372,2453
364,2460
439,2455
380,2445
395,2427
425,2445
394,2428
464,2420
441,2495
474,2482
498,2476
442,2435
513,2484
543,2448
471,2438
543,2439
568,2453
582,2422
608,2498
595,2445
562,2432
551,2483
641,2497
631,2439
663,2483
618,2452
680,2419
628,2456
618,2461
625,2414
659,2490
715,2476
721,2451
691,2476
677,2488
738,2404
778,2451
757,2472
758,2479
772,2481
794,2444
833,2474
798,2481
803,2469
770,2494
862,2483
813,2431
875,2412
837,2454
852,2440
910,2460
841,2457
859,2415
877,2400
921,2473
905,2474
897,2498
944,2401
937,2403
1017,2460
996,2425
948,2404
989,2479
1022,2464
1030,2428
986,2409
999,2465
1031,2465
1021,2497
1023,2432
1073,2483
1060,2485
1092,2486
1130,2497
1105,2474
1093,2418
1160,2444
1153,2487
1194,2448
1148,2446
1163,2461
1155,2452
1229,2482
1171,2467
1194,2413
1232,2460
1243,2403
1260,2440
1211,2444
1268,2495
1265,2485
1262,2498
1335,2458
1310,2462
1324,2470
1315,2461
1336,2431
1326,2426
1328,2424
1325,2482
1359,2475
1368,2442
1391,2410
1441,2437
1384,2411
1460,2401
1440,2490
1402,2474
1459,2427
1487,2470
1482,2488
1533,2490
1465,2459
1540,2469
1518,2429
1527,2487
1509,2464
1556,2442
1580,2417
1571,2477
1625,2462
1578,2484
1624,2480
1640,2493
1581,2409
1587,2400
1662,2483
1700,2473
1704,2488
1639,2427
1707,2417
1694,2443
1733,2434
1755,2438
1766,2411
1737,2416
1752,2403
1721,2474
1723,2465
1814,2420
1829,2479
1776,2460
1795,2456
1792,2429
1839,2497
1855,2412
1792,2438
1896,2444
1851,2443
1839,2424
1868,2470
1931,2446
1861,2486
1916,2469
1930,2401
1958,2492
1948,2484
1941,2489
1970,2482
2007,2464
1999,2467
2005,2466
2047,2441
2004,2498
2038,2404
2025,2478
2066,2453
2059,2499
2082,2420
2088,2493
2087,2401
2064,2441
2095,2499
2080,2486
2165,2487
2104,2490
2189,2406
2101,2483
2174,2454
2172,2500
2208,2444
2144,2451
2183,2404
2249,2477
2198,2492
2252,2499
2235,2479
2298,2422
2242,2430
2303,2402
2271,2453
2244,2482
2295,2453
2294,2407
2329,2474
2323,2482
2301,2414
2393,2449
2405,2460
2347,2492
2360,2471
2406,2428
2391,2462
2398,2413
2403,2477
2467,2444
2418,2460
2481,2471
2428,2447
2455,2452
2514,2433
2537,2480
2495,2415
2508,2444
2565,2444
2563,2473
2531,2485
2505,2431
2608,2447
2613,2457
2560,2446
2636,2459
2616,2450
2624,2416
2636,2470
2668,2454
2676,2408
2649,2435
2672,2486
2656,2451
2665,2500
2691,2479
2695,2410
2754,2452
2687,2412
2690,2480
2750,2474
2760,2472
2798,2437
2794,2439
2749,2457
2773,2429
2845,2410
2841,2423
2793,2431
2816,2419
2807,2492
2887,2450
2857,2483
2853,2435
2858,2442
2913,2446
2915,2431
2869,2470
2965,2462
2951,2455
2916,2465
2919,2471
2985,2453
2952,2406
2947,2463
2961,2455
2990,2476
2999,2479
3015,2417
3051,2447
3037,2450
3076,2491
3068,2500
3071,2431
3041,2486
3133,2494
3105,2485
3125,2455
3105,2412
3115,2474
3100,2468
3185,2454
3173,2403
3159,2480
3187,2481
3238,2473
3241,2427
3243,2484
3250,2470
3191,2457
3239,2446
3281,2432
3274,2464
3239,2437
3256,2475
3283,2460
3264,2421
3322,2439
3316,2430
3341,2457
3316,2479
3355,2419
3346,2495
3351,2458
3361,2464
3368,2464
3378,2460
3367,2495
3432,2474
3438,2482
3455,2435
3403,2431
3477,2438
3447,2460
3452,2436
3511,2412
3539,2420
3526,2444
3522,2480
3521,2487
3531,2448
3531,2457
3545,2402
3574,2489
3557,2422
3581,2446
3599,2422
3594,2434
3658,2419
3663,2483
3606,2430
3675,2448
3627,2410
3622,2497
3643,2460
3658,2446
3677,2420
3737,2451
3741,2476
3751,2500
3761,2482
3797,2419
3710,2444
3737,2455
3774,2490
3777,2421
3843,2417
3778,2405
3822,2462
3873,2474
3819,2420
3815,2483
3864,2487
3883,2470
3875,2467
3937,2445
3947,2445
3901,2493
3884,2451
3933,2443
3906,2464
3962,2461
3911,2417
3946,2467
4003,2409
4028,2404
3952,2486
4004,2447
4010,2472
4037,2489
4059,2421
4001,2496
4076,2463
4069,2493
4103,2460
4093,2415
4142,2437
4111,2483
4141,2500
4115,2467
4109,2448
4141,2431
4145,2490
4132,2470
4158,2472
4159,2524
4152,2540
4194,2502
4154,2545
4149,2509
4138,2552
4199,2528
4183,2579
4128,2567
4197,2580
4192,2594
4177,2639
4180,2645
4181,2660
4137,2580
4119,2686
4161,2693
4171,2631
4169,2693
4188,2646
4174,2731
4181,2650
4190,2685
4155,2752
4135,2714
4100,2715
4181,2751
4159,2723
4163,2759
4181,2764
4166,2782
4121,2818
4104,2760
4167,2806
4107,2817
4127,2794
4186,2865
4121,2894
4121,2828
4119,2840
4105,2883
4124,2949
4180,2945
4146,2936
4153,2940
4153,2962
4161,2973
4114,2997
4144,2938
4107,2903
4113,2975
4056,2951
4075,2919
4057,2922
4084,2998
4060,2947
4015,2934
3992,2967
4079,2924
4059,2933
4052,2917
4006,2945
4040,2986
3960,2922
3978,2997
3955,2914
3964,2947
3909,2926
3898,2934
3930,3000
3873,2958
3890,2904
3858,2938
3830,2976
3893,2950
3824,2986
3882,2922
3813,2931
3854,2963
3847,2937
3822,2983
3753,2907
3755,2930
3798,2990
3773,2995
3713,2999
3709,2989
3771,2966
3689,2978
3735,2975
3708,2916
3729,2989
3699,2982
3693,2991
3645,2913
3620,2911
3633,2941
3643,2964
3642,2996
3670,2977
3646,2989
3580,2914
3562,2964
3619,2909
3522,2972
3594,2975
3583,2901
3506,2983
3515,2962
3511,2913
3483,2998
3508,2970
3488,2994
3432,2946
3473,2912
3491,2960
3413,2900
3438,2929
3424,2987
3395,2952
3408,2933
3418,2998
3427,2978
3358,2971
3356,2913
3364,2964
3337,2938
3357,2954
3297,2966
3342,2999
3293,2944
3290,2936
3338,2970
3261,2919
3266,2913
3275,2913
3213,2910
3285,2920
3268,3000
3250,2990
3228,2964
3173,2909
3177,2957
3227,2965
3173,2908
3198,2991
3116,2924
3100,2935
3144,2965
3158,2960
3155,2926
3086,2901
3064,2900
3052,2983
3090,2910
3109,2920
3069,2974
3064,2951
3036,2933
2983,2969
2993,2984
2981,2929
3025,2974
2948,2947
2977,2928
2969,2939
2918,2948
2949,2972
2955,2968
2886,2939
2927,2990
2875,2917
2928,2983
2831,2966
2896,2920
2888,2979
2859,2962
2793,2980
2810,2980
2822,2918
2826,2948
2835,2937
2828,2916
2817,2982
2764,2910
2791,2958
2777,2918
2784,2967
2749,2997
2728,2909
2755,2930
2659,2971
2683,2990
2656,2990
2657,2962
2632,2995
2643,2903
2607,2915
2630,2908
2643,2962
2626,2910
2571,2932
2574,2927
2581,2980
2543,2939
2609,2971
2558,2971
2541,2943
2563,2989
2539,2977
2555,3000
2484,2972
2472,2996
2469,2969
2520,2944
2504,2940
2452,2965
2484,2963
2460,2919
2426,2908
2438,2938
2387,2936
2428,2971
2359,2919
2335,2938
2394,2935
2362,3000
2376,2925
2323,2936
2370,2989
2347,2969
2291,2911
2319,2951
2328,2932
2313,2921
2293,2980
2234,2911
2259,2989
2244,2963
2179,2957
2224,2962
2222,2919
2149,2950
2167,2972
2125,2957
2162,2993
2129,2915
2111,2900
2131,2993
2104,3000
2064,2953
2075,2931
2043,2962
2119,2913
2070,2927
2074,2945
2054,2906
1991,2991
2050,2957
2059,2917
2015,2967
1995,2929
2012,2944
1948,2977
1929,2948
2006,2974
1949,2979
1978,2901
1915,2937
1939,2995
1872,2905
1897,2955
1928,2919
1911,2928
1832,2999
1810,2938
1800,2964
1882,2923
1879,2911
1870,2900
1798,2985
1781,2933
1753,2926
1809,2963
1793,2968
1777,2997
1701,2959
1697,2927
1697,2984
1681,2926
1701,2953
1745,2939
1644,2953
1654,2986
1635,2956
1633,2907
1634,2914
1641,2901
1670,2942
1620,2903
1638,2922
1594,2992
1613,2965
1608,2920
1540,2937
1521,2919
1568,2998
1499,2922
1578,2985
1500,2964
1553,2914
1484,2964
1526,2993
1524,2946
1455,2981
1482,2991
1441,2977
1454,2929
1463,2959
1404,2907
1400,2964
1361,2964
1356,2960
1353,2901
1336,2992
1394,2965
1400,2926
1384,2901
1321,2995
1274,2988
1347,2932
1327,2961
1325,2919
1282,2960
1289,2995
1229,2905
1282,2960
1262,2975
1270,2974
1256,2975
1221,2976
1235,2945
1150,2935
1131,2950
1202,2909
1153,2912
1129,2970
1117,2905
1101,2991
1100,2959
1068,2916
1145,2904
1065,2966
1067,2959
1089,2950
1019,2918
1021,2937
1004,2973
1035,2913
1041,2993
1033,2960
955,2958
999,2939
987,2909
957,2958
914,2926
929,2940
913,2911
951,2986
935,2992
927,2919
919,2902
842,2974
856,2935
857,2946
817,2918
809,2966
872,2921
872,2970
812,2960
859,2961
790,2986
817,2939
807,2955
812,2925
802,2993
774,2976
780,2910
706,2995
715,2929
746,2963
748,2950
719,2935
700,2997
625,2954
685,2999
680,3000
680,2904
668,2957
637,2994
654,2992
630,2948
583,2942
535,2937
552,2917
553,2909
543,2914
501,2915
530,2924
481,2999
497,2918
522,2985
477,2999
507,2946
520,2926
491,2957
411,2951
488,2963
423,2972
402,2985
370,2931
413,2906
416,2952
408,2923
389,2905
325,2906
365,2939
302,2996
318,2935
304,3014
312,2981
397,3003
375,3018
399,3057
380,3067
327,3015
312,3067
388,3051
310,3100
309,3042
367,3063
373,3051
323,3147
337,3159
372,3103
314,3164
346,3116
328,3146
389,3153
394,3203
375,3165
372,3218
362,3177
327,3188
387,3264
354,3252
316,3270
355,3247
332,3245
351,3276
380,3245
314,3302
371,3270
352,3311
385,3349
340,3301
320,3331
316,3367
380,3326
361,3387
377,3397
334,3359
345,3404
305,3458
305,3408
336,3418
342,3427
335,3400
368,3403
341,3483
384,3466
446,3471
403,3499
423,3458
447,3409
400,3400
422,3466
422,3438
449,3466
435,3439
501,3442
468,3434
466,3479
497,3453
557,3472
568,3400
526,3410
578,3429
603,3480
535,3426
634,3415
550,3453
622,3494
668,3489
614,3424
597,3459
645,3448
624,3403
682,3466
671,3496
647,3460
667,3440
688,3495
740,3467
680,3472
742,3426
729,3407
800,3430
820,3443
767,3422
808,3433
802,3465
793,3433
794,3483
835,3402
848,3480
806,3493
878,3455
918,3485
929,3474
888,3488
882,3464
901,3473
949,3490
963,3412
960,3437
933,3454
1009,3442
937,3474
1018,3442
948,3422
1046,3495
975,3480
1022,3496
1014,3458
1071,3497
1095,3446
1029,3431
1101,3438
1116,3472
1102,3411
1080,3419
1084,3403
1086,3402
1089,3477
1115,3432
1129,3422
1210,3464
1169,3404
1212,3439
1165,3417
1203,3496
1191,3455
1256,3459
1269,3426
1270,3443
1276,3404
1235,3425
1275,3417
1315,3457
1335,3455
1290,3416
1345,3429
1334,3482
1312,3435
1389,3485
1341,3458
1319,3440
1381,3409
1357,3468
1346,3465
1391,3460
1420,3423
1461,3425
1426,3441
1464,3418
1480,3450
1458,3483
1490,3480
1516,3411
1520,3410
1468,3469
1509,3439
1546,3470
1563,3402
1554,3404
1585,3433
1556,3466
1606,3470
1538,3422
1601,3400
1597,3425
1623,3471
1577,3401
1674,3458
1621,3493
1641,3429
1623,3468
1663,3479
1716,3480
1718,3499
1717,3445
1662,3444
1689,3441
1778,3418
1743,3437
1763,3437
1726,3401
1749,3429
1818,3446
1760,3492
1761,3421
1786,3468
1834,3490
1819,3411
1827,3465
1888,3477
1824,3484
1858,3497
1877,3480
1859,3453
1928,3448
1934,3440
1925,3488
1917,3465
1934,3500
1991,3479
1939,3468
1937,3440
2001,3435
2024,3421
1956,3489
2036,3426
1970,3470
2046,3484
2080,3461
2084,3495
2106,3422
2108,3482
2086,3481
2051,3492
2059,3461
2146,3438
2116,3466
2165,3451
2173,3436
2147,3446
2193,3414
2138,3477
2161,3492
2239,3483
2160,3423
2227,3400
2172,3455
2194,3430
2209,3405
2217,3471
2304,3497
2274,3459
2325,3424
2321,3472
2277,3423
2288,3410
2295,3472
2376,3411
2312,3414
2312,3419
2379,3500
2395,3457
2340,3420
2388,3490
2392,3493
2398,3450
2370,3417
2419,3431
2411,3416
2477,3433
2434,3500
2504,3454
2470,3444
2515,3444
2496,3401
2498,3457
2471,3400
2504,3426
2566,3484
2509,3424
2560,3496
2619,3484
2542,3466
2542,3434
2559,3464
2626,3499
2605,3453
2582,3428
2616,3452
2657,3462
2625,3433
2640,3434
2695,3481
2676,3422
2666,3411
2748,3491
2714,3441
2750,3427
2709,3469
2721,3452
2764,3434
2795,3438
2743,3484
2790,3422
2849,3463
2834,3452
2792,3459
2786,3407
2792,3451
2808,3451
2891,3448
2822,3497
2881,3476
2905,3465
2897,3414
2895,3437
2950,3413
2966,3482
2903,3474
2925,3416
2945,3462
2976,3423
3020,3420
3026,3426
3004,3405
3023,3476
3039,3489
2981,3422
2998,3480
3017,3434
3079,3446
3042,3427
3053,3461
3094,3456
3115,3498
3082,3420
3149,3486
3176,3411
3130,3422
3169,3469
3160,3492
3159,3435
3169,3426
3202,3448
3152,3462
3244,3473
3175,3421
3235,3496
3215,3454
3266,3442
3218,3454
3286,3473
3298,3452
3278,3492
3260,3430
3287,3455
3293,3425
3356,3480
3369,3413
3356,3485
3365,3485
3343,3429
3370,3477
3377,3481
3354,3500
3396,3452
3443,3478
3437,3446
3454,3422
3485,3480
3499,3415
3491,3438
3478,3409
3467,3408
3503,3457
3464,3444
3504,3409
3494,3406
3540,3426
3520,3465
3604,3447
3544,3417
3585,3446
3582,3434
3562,3444
3656,3484
3590,3471
3664,3464
3609,3402
3620,3480
3674,3485
3691,3473
3646,3423
3720,3405
3708,3446
3666,3474
3753,3477
3682,3462
3770,3485
3741,3477
3796,3476
3754,3449
3820,3448
3762,3479
3809,3457
3760,3430
3802,3500
3813,3416
3863,3465
3874,3416
3898,3400
3835,3450
3862,3451
3921,3434
3916,3482
3940,3423
3929,3499
3916,3409
3920,3400
3918,3462
3995,3472
3964,3475
4004,3479
4020,3427
3991,3404
3962,3449
4000,3493
4078,3402
4004,3437
4063,3470
4087,3480
4117,3410
4033,3408
4067,3475
4141,3471
4147,3425
4153,3464
4138,3473
4172,3467
4189,3450
4123,3474
4187,3456
4143,3432
4181,3488
4164,3495
4120,3462
4103,3553
4173,3547
4179,3558
4158,3542
4142,3541
4136,3592
4135,3627
4125,3612
4165,3557
4151,3602
4181,3629
4182,3593
4101,3634
4150,3661
4185,3644
4110,3651
4174,3654
4159,3711
4120,3741
4104,3666
4111,3736
4162,3751
4159,3786
4169,3702
4115,3743
4153,3761
4172,3798
4107,3785
4154,3754
4186,3766
4193,3863
4165,3797
4192,3823
4116,3855
4115,3910
4115,3849
4183,3902
4150,3840
4168,3911
4127,3877
4109,3892
4104,3964
4196,3933
4195,3990
4125,3953
4103,3997
4102,3903
4065,3908
4072,3910
4100,3930
4057,3937
4109,3935
4057,3923
4024,3913
4010,3984
4042,3900
4010,3987
3977,3915
4013,3992
4021,3966
4012,3996
4016,3960
3950,3947
3914,3927
3972,3931
3909,3933
3888,3908
3949,3962
3859,3905
3930,3920
3911,3983
3836,3922
3883,3970
3817,3905
3851,3932
3785,3972
3809,3922
3776,3941
3813,3938
3837,3986
3782,3984
3749,3995
3810,3949
3726,3983
3787,3970
3759,3918
3747,3986
3684,3921
3714,3939
3726,3980
3715,3922
3690,3968
3627,3937
3611,3946
3664,3902
3592,3919
3596,3955
3571,3925
3641,3976
3607,3953
3530,3993
3550,3968
3559,3902
3526,3915
3495,3910
3502,3911
3557,3975
3529,3946
3471,3934
3529,3970
3484,3974
3489,3908
3490,3917
3493,3901
3445,3925
3456,3937
3458,3955
3451,3948
3407,3940
3373,3930
3400,3900
3372,3993
3399,3987
3370,3945
3336,3975
3286,3957
3330,3997
3284,3900
3293,3915
3313,3934
3236,3999
3303,3902
3234,3990
3263,3984
3212,3983
3199,3933
3229,3994
3175,3915
3234,3970
3176,3955
3173,3963
3213,3944
3119,3936
3192,4000
3111,3970
3122,3967
3080,3981
3065,3951
3105,3902
3057,3913
3065,3992
3094,3979
3022,3950
3043,3979
3034,3956
3006,4000
2977,3941
3001,3992
2965,3949
2967,3912
3009,3990
3016,3939
3006,3947
2985,3968
2928,3950
2952,3986
2890,3951
2890,3933
2872,3988
2937,3990
2855,3937
2821,3957
2887,3999
2805,3940
2798,3965
2793,3942
2802,3926
2791,3991
2806,3975
2818,3968
2820,3917
2796,3930
2729,3929
2775,3929
2727,3947
2691,3992
2688,4000
2730,3925
2730,3936
2724,3982
2699,3923
2670,3911
2649,3944
2698,3930
2620,3934
2599,3920
2612,3995
2567,3930
2553,3964
2546,3920
2580,3989
2597,3901
2545,3980
2576,3925
2586,3974
2480,3940
2486,3927
2480,3943
2519,3991
2456,3978
2520,3958
2453,3911
2465,3928
2402,3915
2401,3943
2467,3907
2407,3914
2364,3941
2435,3971
2389,3900
2391,3915
2413,3903
2366,3950
2340,3972
2302,3951
2320,3925
2352,3951
2329,3919
2335,3965
2330,3947
2330,3948
2316,3999
2241,3922
2291,3942
2274,3923
2263,3928
2221,3908
2246,3947
2193,3959
2229,3910
2229,3966
2166,3948
2149,3941
2135,3912
2152,3929
2157,3945
2123,3998
2081,3956
2085,3980
2112,3982
2112,3969
2117,3950
2057,3918
2092,3975
2074,3993
2065,3980
1991,3953
1991,3953
1974,3955
2033,3909
1971,3964
1999,3931
1931,3990
1946,3907
1947,3911
1946,3994
1952,3904
1880,3932
1922,3941
1848,3918
1913,3937
1855,3926
1863,3962
1854,3917
1864,3902
1824,3967
1812,3905
1770,3991
1763,3986
1801,3910
1766,4000
1730,3927
1784,3981
1712,3939
1729,3913
1696,3970
1758,3945
1711,3992
1712,3918
1738,3977
1728,3971
1644,3948
1610,3982
1647,3933
1594,3913
1592,3988
1643,3953
1621,3976
1592,3944
1619,3914
1596,3945
1556,3981
1526,3996
1528,3974
1571,3921
1558,3926
1552,3987
1525,3964
1457,3972
1454,3941
1466,3938
1508,3982
1460,3909
1480,3936
1430,3969
1395,3926
1401,3933
1446,3956
1428,3911
1388,3960
1358,3932
1420,3944
1382,3990
1309,3920
1324,3974
1316,3987
1358,3968
1269,3926
1328,3915
1278,3981
1281,3932
1253,3954
1291,3957
1288,3904
1246,3950
1229,3902
1259,3979
1174,3961
1195,3999
1172,3959
1220,3992
1133,3979
1193,3963
1174,3927
1132,3977
1140,3906
1100,3948
1138,3943
1073,3959
1088,3996
1118,3955
1041,3913
1086,3928
1055,3934
1069,3987
999,3972
1052,3920
986,3975
1008,3937
990,3919
1000,3931
984,3910
980,3912
931,3960
988,3938
943,3925
912,3999
894,3901
850,3903
920,3937
854,3963
901,3928
857,3981
842,3958
841,3945
859,3904
864,3988
796,3913
764,3981
805,3983
732,3992
762,3917
776,3928
792,3967
781,3986
763,4000
756,3900
725,3947
750,3992
717,3970
667,3904
623,3982
613,3951
696,3994
618,3930
598,3985
614,3971
659,3973
564,3988
569,3920
630,3999
533,3990
518,3992
556,3992
565,3957
524,3967
564,3954
484,3979
530,3997
486,3919
522,3961
489,3951
450,3906
467,3952
433,3920
471,3967
465,3947
430,3940
419,3929
391,3981
410,3946
371,3905
365,3908
357,3913
359,3967
345,3922
330,3941
366,3962
330,4028
340,3992
310,3973
381,4063
333,4024
379,4094
384,4065
317,4022
380,4086
350,4123
334,4067
367,4112
350,4092
319,4112
301,4187
366,4125
336,4172
342,4132
350,4194
394,4177
342,4240
380,4240
381,4264
343,4221
359,4236
361,4297
382,4304
382,4252
361,4313
383,4286
304,4286
315,4308
303,4319
343,4359
311,4316
344,4354
344,4362
337,4331
322,4409
358,4391
312,4361
334,4447
369,4455
341,4428
398,4441
323,4440
345,4482
344,4499
336,4469
362,4418
367,4406
378,4459
379,4469
442,4400
423,4460
461,4480
478,4467
458,4485
525,4495
506,4474
479,4472
547,4461
537,4477
554,4408
525,4483
543,4409
571,4492
587,4411
616,4481
591,4443
565,4480
650,4439
667,4406
619,4487
611,4440
678,4481
691,4414
621,4444
721,4441
645,4442
677,4432
713,4429
684,4442
700,4448
697,4451
702,4474
803,4474
806,4406
771,4423
835,4419
840,4484
763,4417
777,4423
879,4424
799,4400
807,4436
876,4433
832,4470
871,4440
872,4477
883,4440
952,4496
945,4470
922,4419
903,4440
964,4455
963,4486
980,4414
1000,4422
1011,4438
1021,4457
1034,4481
1035,4458
1048,4486
1013,4453
1067,4434
1054,4494
1065,4434
1072,4497
1110,4440
1101,4436
1102,4424
1101,4483
1141,4433
1142,4430
1177,4405
1139,4489
1190,4405
1174,4452
1239,4438
1220,4469
1246,4438
1206,4479
1256,4467
1209,4491
1201,4433
1246,4455
1317,4408
1264,4437
1256,4410
1342,4461
1333,4464
1358,4481
1329,4418
1302,4497
1349,4420
1383,4463
1384,4431
1390,4406
1387,4476
1436,4419
1425,4485
1463,4453
1409,4404
1449,4407
1406,4447
1415,4446
1432,4422
1518,4413
1513,4458
1515,4486
1486,4464
1495,4493
1580,4446
1583,4478
1532,4492
1519,4485
1600,4428
1585,4437
1564,4486
1598,4460
1587,4457
1661,4410
1641,4457
1640,4451
1656,4415
1638,4447
1660,4495
1632,4456
1707,4460
1691,4421
1748,4412
1761,4482
1730,4448
1737,4451
1770,4480
1764,4463
1790,4493
1825,4466
1808,4411
1780,4429
1797,4492
1821,4455
1829,4480
1805,4459
1832,4458
1855,4401
1889,4487
1893,4407
1850,4431
1946,4479
1907,4415
1884,4480
1895,4450
1942,4403
1932,4472
1957,4429
1943,4434
1991,4460
1997,4479
1967,4457
2059,4458
1983,4456
2004,4422
2050,4430
2021,4417
2064,4477
2063,4473
2054,4458
2089,4457
2066,4414
2158,4448
2117,4451
2166,4412
2161,4472
2132,4477
2133,4433
2219,4453
2147,4430
2235,4471
2204,4429
2214,4482
2251,4455
2268,4471
2240,4424
2274,4416
2237,4447
2253,4434
2280,4485
2325,4400
2320,4431
2265,4490
2365,4448
2369,4498
2368,4445
2341,4414
2363,4427
2359,4436
2428,4470
2389,4400
2364,4453
2423,4464
2443,4479
2473,4477
2434,4418
2472,4429
2477,4430
2439,4425
2495,4416
2480,4424
2470,4446
2487,4445
2489,4489
2576,4466
2587,4400
2553,4495
2574,4500
2606,4415
2570,4463
2579,4429
2604,4465
2562,4472
2614,4489
2641,4460
2623,4484
2661,4457
2632,4486
2693,4402
2684,4477
2736,4480
2750,4445
2752,4430
2765,4416
2722,4444
2760,4466
2737,4418
2785,4426
2747,4418
2798,4420
2760,4477
2762,4477
2805,4410
2821,4458
2868,4414
2829,4459
2829,4496
2865,4441
2864,4428
2928,4404
2890,4491
2854,4440
2907,4462
2947,4481
2887,4422
2946,4451
2969,4459
2965,4459
3003,4440
2997,4457
2966,4471
2980,4447
2968,4411
2994,4499
3051,4429
3083,4455
3064,4467
3010,4405
3026,4447
3063,4485
3136,4496
3149,4441
3158,4490
3147,4469
3115,4427
3092,4471
3100,4449
3189,4405
3187,4421
3206,4432
3195,4459
3250,4429
3166,4497
3245,4448
3247,4464
3270,4427
3261,4472
3245,4419
3299,4489
3327,4436
3294,4453
3257,4479
3327,4447
3342,4422
3320,4465
3373,4482
3393,4459
3358,4455
3382,4438
3374,4460
3418,4423
3383,4404
3413,4415
3441,4427
3405,4439
3420,4434
3458,4479
3465,4448
3495,4465
3478,4491
3499,4496
3513,4451
3524,4479
3496,4447
3574,4489
3496,4473
3587,4494
3532,4474
3569,4419
3614,4405
3548,4421
3630,4427
3632,4412
3620,4426
3640,4490
3624,4435
3614,4471
3673,4465
3681,4429
3726,4408
3668,4442
3663,4433
3733,4458
3745,4499
3742,4444
3715,4443
3735,4474
3711,4474
3798,4486
3794,4441
3820,4423
3845,4497
3822,4439
3829,4444
3782,4485
3809,4478
3805,4403
3856,4456
3911,4476
3861,4481
3882,4434
3931,4497
3925,4442
3876,4500
3887,4410
3931,4496
3987,4472
3982,4467
3937,4479
3955,4475
3997,4474
4049,4456
4050,4433
4021,4434
4038,4436
4045,4422
4049,4445
4092,4455
4024,4447
4052,4418
4053,4441
4089,4472
4072,4414
4103,4436
4118,4494
4120,4463
4114,4433
