350,450
360,450
370,450
380,450
390,450
400,450
410,450
420,450
430,450
440,450
450,450
460,450
470,450
480,450
490,450
500,450
510,450
520,450
530,450
540,450
550,450
560,450
570,450
580,450
590,450
600,450
610,450
620,450
630,450
640,450
650,450
660,450
670,450
680,450
690,450
700,450
710,450
720,450
730,450
740,450
750,450
760,450
770,450
780,450
790,450
800,450
810,450
820,450
830,450
840,450
850,450
860,450
870,450
880,450
890,450
900,450
910,450
920,450
930,450
940,450
950,450
960,450
970,450
980,450
990,450
1000,450
1010,450
1020,450
1030,450
1040,450
1050,450
1060,450
1070,450
1080,450
1090,450
1100,450
1110,450
1120,450
1130,450
1140,450
1150,450
1160,450
1170,450
1180,450
1190,450
1200,450
1210,450
1220,450
1230,450
1240,450
1250,450
1260,450
1270,450
1280,450
1290,450
1300,450
1310,450
1320,450
1330,450
1340,450
1350,450
1360,450
1370,450
1380,450
1390,450
1400,450
1410,450
1420,450
1430,450
1440,450
1450,450
1460,450
1470,450
1480,450
1490,450
1500,450
1510,450
1520,450
1530,450
1540,450
1550,450
1560,450
1570,450
1580,450
1590,450
1600,450
1610,450
1620,450
1630,450
1640,450
1650,450
1660,450
1670,450
1680,450
1690,450
1700,450
1710,450
1720,450
1730,450
1740,450
1750,450
1760,450
1770,450
1780,450
1790,450
1800,450
1810,450
1820,450
1830,450
1840,450
1850,450
1860,450
1870,450
1880,450
1890,450
1900,450
1910,450
1920,450
1930,450
1940,450
1950,450
1960,450
1970,450
1980,450
1990,450
2000,450
2010,450
2020,450
2030,450
2040,450
2050,450
2060,450
2070,450
2080,450
2090,450
2100,450
2110,450
2120,450
2130,450
2140,450
2150,450
2160,450
2170,450
2180,450
2190,450
2200,450
2210,450
2220,450
2230,450
2240,450
2250,450
2260,450
2270,450
2280,450
2290,450
2300,450
2310,450
2320,450
2330,450
2340,450
2350,450
2360,450
2370,450
2380,450
2390,450
2400,450
2410,450
2420,450
2430,450
2440,450
2450,450
2460,450
2470,450
2480,450
2490,450
2500,450
2510,450
2520,450
2530,450
2540,450
2550,450
2560,450
2570,450
2580,450
2590,450
2600,450
2610,450
2620,450
2630,450
2640,450
2650,450
2660,450
2670,450
2680,450
2690,450
2700,450
2710,450
2720,450
2730,450
2740,450
2750,450
2760,450
2770,450
2780,450
2790,450
2800,450
2810,450
2820,450
2830,450
2840,450
2850,450
2860,450
2870,450
2880,450
2890,450
2900,450
2910,450
2920,450
2930,450
2940,450
2950,450
2960,450
2970,450
2980,450
2990,450
3000,450
3010,450
3020,450
3030,450
3040,450
3050,450
3060,450
3070,450
3080,450
3090,450
3100,450
3110,450
3120,450
3130,450
3140,450
3150,450
3160,450
3170,450
3180,450
3190,450
3200,450
3210,450
3220,450
3230,450
3240,450
3250,450
3260,450
3270,450
3280,450
3290,450
3300,450
3310,450
3320,450
3330,450
3340,450
3350,450
3360,450
3370,450
3380,450
3390,450
3400,450
3410,450
3420,450
3430,450
3440,450
3450,450
3460,450
3470,450
3480,450
3490,450
3500,450
3510,450
3520,450
3530,450
3540,450
3550,450
3560,450
3570,450
3580,450
3590,450
3600,450
3610,450
3620,450
3630,450
3640,450
3650,450
3660,450
3670,450
3680,450
3690,450
3700,450
3710,450
3720,450
3730,450
3740,450
3750,450
3760,450
3770,450
3780,450
3790,450
3800,450
3810,450
3820,450
3830,450
3840,450
3850,450
3860,450
3870,450
3880,450
3890,450
3900,450
3910,450
3920,450
3930,450
3940,450
3950,450
3960,450
3970,450
3980,450
3990,450
4000,450
4010,450
4020,450
4030,450
4040,450
4050,450
4060,450
4070,450
4080,450
4090,450
4100,450
4110,450
4120,450
4130,450
4140,450
4150,450
4150,460
4150,470
4150,480
4150,490
4150,500
4150,510
4150,520
4150,530
4150,540
4150,550
4150,560
4150,570
4150,580
4150,590
4150,600
4150,610
4150,620
4150,630
4150,640
4150,650
4150,660
4150,670
4150,680
4150,690
4150,700
4150,710
4150,720
4150,730
4150,740
4150,750
4150,760
4150,770
4150,780
4150,790
4150,800
4150,810
4150,820
4150,830
4150,840
4150,850
4150,860
4150,870
4150,880
4150,890
4150,900
4150,910
4150,920
4150,930
4150,940
4150,950
4140,950
4130,950
4120,950
4110,950
4100,950
4090,950
4080,950
4070,950
4060,950
4050,950
4040,950
4030,950
4020,950
4010,950
4000,950
3990,950
3980,950
3970,950
3960,950
3950,950
3940,950
3930,950
3920,950
3910,950
3900,950
3890,950
3880,950
3870,950
3860,950
3850,950
3840,950
3830,950
3820,950
3810,950
3800,950
3790,950
3780,950
3770,950
3760,950
3750,950
3740,950
3730,950
3720,950
3710,950
3700,950
3690,950
3680,950
3670,950
3660,950
3650,950
3640,950
3630,950
3620,950
3610,950
3600,950
3590,950
3580,950
3570,950
3560,950
3550,950
3540,950
3530,950
3520,950
3510,950
3500,950
3490,950
3480,950
3470,950
3460,950
3450,950
3440,950
3430,950
3420,950
3410,950
3400,950
3390,950
3380,950
3370,950
3360,950
3350,950
3340,950
3330,950
3320,950
3310,950
3300,950
3290,950
3280,950
3270,950
3260,950
3250,950
3240,950
3230,950
3220,950
3210,950
3200,950
3190,950
3180,950
3170,950
3160,950
3150,950
3140,950
3130,950
3120,950
3110,950
3100,950
3090,950
3080,950
3070,950
3060,950
3050,950
3040,950
3030,950
3020,950
3010,950
3000,950
2990,950
2980,950
2970,950
2960,950
2950,950
2940,950
2930,950
2920,950
2910,950
2900,950
2890,950
2880,950
2870,950
2860,950
2850,950
2840,950
2830,950
2820,950
2810,950
2800,950
2790,950
2780,950
2770,950
2760,950
2750,950
2740,950
2730,950
2720,950
2710,950
2700,950
2690,950
2680,950
2670,950
2660,950
2650,950
2640,950
2630,950
2620,950
2610,950
2600,950
2590,950
2580,950
2570,950
2560,950
2550,950
2540,950
2530,950
2520,950
2510,950
2500,950
2490,950
2480,950
2470,950
2460,950
2450,950
2440,950
2430,950
2420,950
2410,950
2400,950
2390,950
2380,950
2370,950
2360,950
2350,950
2340,950
2330,950
2320,950
2310,950
2300,950
2290,950
2280,950
2270,950
2260,950
2250,950
2240,950
2230,950
2220,950
2210,950
2200,950
2190,950
2180,950
2170,950
2160,950
2150,950
2140,950
2130,950
2120,950
2110,950
2100,950
2090,950
2080,950
2070,950
2060,950
2050,950
2040,950
2030,950
2020,950
2010,950
2000,950
1990,950
1980,950
1970,950
1960,950
1950,950
1940,950
1930,950
1920,950
1910,950
1900,950
1890,950
1880,950
1870,950
1860,950
1850,950
1840,950
1830,950
1820,950
1810,950
1800,950
1790,950
1780,950
1770,950
1760,950
1750,950
1740,950
1730,950
1720,950
1710,950
1700,950
1690,950
1680,950
1670,950
1660,950
1650,950
1640,950
1630,950
1620,950
1610,950
1600,950
1590,950
1580,950
1570,950
1560,950
1550,950
1540,950
1530,950
1520,950
1510,950
1500,950
1490,950
1480,950
1470,950
1460,950
1450,950
1440,950
1430,950
1420,950
1410,950
1400,950
1390,950
1380,950
1370,950
1360,950
1350,950
1340,950
1330,950
1320,950
1310,950
1300,950
1290,950
1280,950
1270,950
1260,950
1250,950
1240,950
1230,950
1220,950
1210,950
1200,950
1190,950
1180,950
1170,950
1160,950
1150,950
1140,950
1130,950
1120,950
1110,950
1100,950
1090,950
1080,950
1070,950
1060,950
1050,950
1040,950
1030,950
1020,950
1010,950
1000,950
990,950
980,950
970,950
960,950
950,950
940,950
930,950
920,950
910,950
900,950
890,950
880,950
870,950
860,950
850,950
840,950
830,950
820,950
810,950
800,950
790,950
780,950
770,950
760,950
750,950
740,950
730,950
720,950
710,950
700,950
690,950
680,950
670,950
660,950
650,950
640,950
630,950
620,950
610,950
600,950
590,950
580,950
570,950
560,950
550,950
540,950
530,950
520,950
510,950
500,950
490,950
480,950
470,950
460,950
450,950
440,950
430,950
420,950
410,950
400,950
390,950
380,950
370,950
360,950
350,950
350,960
350,970
350,980
350,990
350,1000
350,1010
350,1020
350,1030
350,1040
350,1050
350,1060
350,1070
350,1080
350,1090
350,1100
350,1110
350,1120
350,1130
350,1140
350,1150
350,1160
350,1170
350,1180
350,1190
350,1200
350,1210
350,1220
350,1230
350,1240
350,1250
350,1260
350,1270
350,1280
350,1290
350,1300
350,1310
350,1320
350,1330
350,1340
350,1350
350,1360
350,1370
350,1380
350,1390
350,1400
350,1410
350,1420
350,1430
350,1440
350,1450
360,1450
370,1450
380,1450
390,1450
400,1450
410,1450
420,1450
430,1450
440,1450
450,1450
460,1450
470,1450
480,1450
490,1450
500,1450
510,1450
520,1450
530,1450
540,1450
550,1450
560,1450
570,1450
580,1450
590,1450
600,1450
610,1450
620,1450
630,1450
640,1450
650,1450
660,1450
670,1450
680,1450
690,1450
700,1450
710,1450
720,1450
730,1450
740,1450
750,1450
760,1450
770,1450
780,1450
790,1450
800,1450
810,1450
820,1450
830,1450
840,1450
850,1450
860,1450
870,1450
880,1450
890,1450
900,1450
910,1450
920,1450
930,1450
940,1450
950,1450
960,1450
970,1450
980,1450
990,1450
1000,1450
1010,1450
1020,1450
1030,1450
1040,1450
1050,1450
1060,1450
1070,1450
1080,1450
1090,1450
1100,1450
1110,1450
1120,1450
1130,1450
1140,1450
1150,1450
1160,1450
1170,1450
1180,1450
1190,1450
1200,1450
1210,1450
1220,1450
1230,1450
1240,1450
1250,1450
1260,1450
1270,1450
1280,1450
1290,1450
1300,1450
1310,1450
1320,1450
1330,1450
1340,1450
1350,1450
1360,1450
1370,1450
1380,1450
1390,1450
1400,1450
1410,1450
1420,1450
1430,1450
1440,1450
1450,1450
1460,1450
1470,1450
1480,1450
1490,1450
1500,1450
1510,1450
1520,1450
1530,1450
1540,1450
1550,1450
1560,1450
1570,1450
1580,1450
1590,1450
1600,1450
1610,1450
1620,1450
1630,1450
1640,1450
1650,1450
1660,1450
1670,1450
1680,1450
1690,1450
1700,1450
1710,1450
1720,1450
1730,1450
1740,1450
1750,1450
1760,1450
1770,1450
1780,1450
1790,1450
1800,1450
1810,1450
1820,1450
1830,1450
1840,1450
1850,1450
1860,1450
1870,1450
1880,1450
1890,1450
1900,1450
1910,1450
1920,1450
1930,1450
1940,1450
1950,1450
1960,1450
1970,1450
1980,1450
1990,1450
2000,1450
2010,1450
2020,1450
2030,1450
2040,1450
2050,1450
2060,1450
2070,1450
2080,1450
2090,1450
2100,1450
2110,1450
2120,1450
2130,1450
2140,1450
2150,1450
2160,1450
2170,1450
2180,1450
2190,1450
2200,1450
2210,1450
2220,1450
2230,1450
2240,1450
2250,1450
2260,1450
2270,1450
2280,1450
2290,1450
2300,1450
2310,1450
2320,1450
2330,1450
2340,1450
2350,1450
2360,1450
2370,1450
2380,1450
2390,1450
2400,1450
2410,1450
2420,1450
2430,1450
2440,1450
2450,1450
2460,1450
2470,1450
2480,1450
2490,1450
2500,1450
2510,1450
2520,1450
2530,1450
2540,1450
2550,1450
2560,1450
2570,1450
2580,1450
2590,1450
2600,1450
2610,1450
2620,1450
2630,1450
2640,1450
2650,1450
2660,1450
2670,1450
2680,1450
2690,1450
2700,1450
2710,1450
2720,1450
2730,1450
2740,1450
2750,1450
2760,1450
2770,1450
2780,1450
2790,1450
2800,1450
2810,1450
2820,1450
2830,1450
2840,1450
2850,1450
2860,1450
2870,1450
2880,1450
2890,1450
2900,1450
2910,1450
2920,1450
2930,1450
2940,1450
2950,1450
2960,1450
2970,1450
2980,1450
2990,1450
3000,1450
3010,1450
3020,1450
3030,1450
3040,1450
3050,1450
3060,1450
3070,1450
3080,1450
3090,1450
3100,1450
3110,1450
3120,1450
3130,1450
3140,1450
3150,1450
3160,1450
3170,1450
3180,1450
3190,1450
3200,1450
3210,1450
3220,1450
3230,1450
3240,1450
3250,1450
3260,1450
3270,1450
3280,1450
3290,1450
3300,1450
3310,1450
3320,1450
3330,1450
3340,1450
3350,1450
3360,1450
3370,1450
3380,1450
3390,1450
3400,1450
3410,1450
3420,1450
3430,1450
3440,1450
3450,1450
3460,1450
3470,1450
3480,1450
3490,1450
3500,1450
3510,1450
3520,1450
3530,1450
3540,1450
3550,1450
3560,1450
3570,1450
3580,1450
3590,1450
3600,1450
3610,1450
3620,1450
3630,1450
3640,1450
3650,1450
3660,1450
3670,1450
3680,1450
3690,1450
3700,1450
3710,1450
3720,1450
3730,1450
3740,1450
3750,1450
3760,1450
3770,1450
3780,1450
3790,1450
3800,1450
3810,1450
3820,1450
3830,1450
3840,1450
3850,1450
3860,1450
3870,1450
3880,1450
3890,1450
3900,1450
3910,1450
3920,1450
3930,1450
3940,1450
3950,1450
3960,1450
3970,1450
3980,1450
3990,1450
4000,1450
4010,1450
4020,1450
4030,1450
4040,1450
4050,1450
4060,1450
4070,1450
4080,1450
4090,1450
4100,1450
4110,1450
4120,1450
4130,1450
4140,1450
4150,1450
4150,1460
4150,1470
4150,1480
4150,1490
4150,1500
4150,1510
4150,1520
4150,1530
4150,1540
4150,1550
4150,1560
4150,1570
4150,1580
4150,1590
4150,1600
4150,1610
4150,1620
4150,1630
4150,1640
4150,1650
4150,1660
4150,1670
4150,1680
4150,1690
4150,1700
4150,1710
4150,1720
4150,1730
4150,1740
4150,1750
4150,1760
4150,1770
4150,1780
4150,1790
4150,1800
4150,1810
4150,1820
4150,1830
4150,1840
4150,1850
4150,1860
4150,1870
4150,1880
4150,1890
4150,1900
4150,1910
4150,1920
4150,1930
4150,1940
4150,1950
4140,1950
4130,1950
4120,1950
4110,1950
4100,1950
4090,1950
4080,1950
4070,1950
4060,1950
4050,1950
4040,1950
4030,1950
4020,1950
4010,1950
4000,1950
3990,1950
3980,1950
3970,1950
3960,1950
3950,1950
3940,1950
3930,1950
3920,1950
3910,1950
3900,1950
3890,1950
3880,1950
3870,1950
3860,1950
3850,1950
3840,1950
3830,1950
3820,1950
3810,1950
3800,1950
3790,1950
3780,1950
3770,1950
3760,1950
3750,1950
3740,1950
3730,1950
3720,1950
3710,1950
3700,1950
3690,1950
3680,1950
3670,1950
3660,1950
3650,1950
3640,1950
3630,1950
3620,1950
3610,1950
3600,1950
3590,1950
3580,1950
3570,1950
3560,1950
3550,1950
3540,1950
3530,1950
3520,1950
3510,1950
3500,1950
3490,1950
3480,1950
3470,1950
3460,1950
3450,1950
3440,1950
3430,1950
3420,1950
3410,1950
3400,1950
3390,1950
3380,1950
3370,1950
3360,1950
3350,1950
3340,1950
3330,1950
3320,1950
3310,1950
3300,1950
3290,1950
3280,1950
3270,1950
3260,1950
3250,1950
3240,1950
3230,1950
3220,1950
3210,1950
3200,1950
3190,1950
3180,1950
3170,1950
3160,1950
3150,1950
3140,1950
3130,1950
3120,1950
3110,1950
3100,1950
3090,1950
3080,1950
3070,1950
3060,1950
3050,1950
3040,1950
3030,1950
3020,1950
3010,1950
3000,1950
2990,1950
2980,1950
2970,1950
2960,1950
2950,1950
2940,1950
2930,1950
2920,1950
2910,1950
2900,1950
2890,1950
2880,1950
2870,1950
2860,1950
2850,1950
2840,1950
2830,1950
2820,1950
2810,1950
2800,1950
2790,1950
2780,1950
2770,1950
2760,1950
2750,1950
2740,1950
2730,1950
2720,1950
2710,1950
2700,1950
2690,1950
2680,1950
2670,1950
2660,1950
2650,1950
2640,1950
2630,1950
2620,1950
2610,1950
2600,1950
2590,1950
2580,1950
2570,1950
2560,1950
2550,1950
2540,1950
2530,1950
2520,1950
2510,1950
2500,1950
2490,1950
2480,1950
2470,1950
2460,1950
2450,1950
2440,1950
2430,1950
2420,1950
2410,1950
2400,1950
2390,1950
2380,1950
2370,1950
2360,1950
2350,1950
2340,1950
2330,1950
2320,1950
2310,1950
2300,1950
2290,1950
2280,1950
2270,1950
2260,1950
2250,1950
2240,1950
2230,1950
2220,1950
2210,1950
2200,1950
2190,1950
2180,1950
2170,1950
2160,1950
2150,1950
2140,1950
2130,1950
2120,1950
2110,1950
2100,1950
2090,1950
2080,1950
2070,1950
2060,1950
2050,1950
2040,1950
2030,1950
2020,1950
2010,1950
2000,1950
1990,1950
1980,1950
1970,1950
1960,1950
1950,1950
1940,1950
1930,1950
1920,1950
1910,1950
1900,1950
1890,1950
1880,1950
1870,1950
1860,1950
1850,1950
1840,1950
1830,1950
1820,1950
1810,1950
1800,1950
1790,1950
1780,1950
1770,1950
1760,1950
1750,1950
1740,1950
1730,1950
1720,1950
1710,1950
1700,1950
1690,1950
1680,1950
1670,1950
1660,1950
1650,1950
1640,1950
1630,1950
1620,1950
1610,1950
1600,1950
1590,1950
1580,1950
1570,1950
1560,1950
1550,1950
1540,1950
1530,1950
1520,1950
1510,1950
1500,1950
1490,1950
1480,1950
1470,1950
1460,1950
1450,1950
1440,1950
1430,1950
1420,1950
1410,1950
1400,1950
1390,1950
1380,1950
1370,1950
1360,1950
1350,1950
1340,1950
1330,1950
1320,1950
1310,1950
1300,1950
1290,1950
1280,1950
1270,1950
1260,1950
1250,1950
1240,1950
1230,1950
1220,1950
1210,1950
1200,1950
1190,1950
1180,1950
1170,1950
1160,1950
1150,1950
1140,1950
1130,1950
1120,1950
1110,1950
1100,1950
1090,1950
1080,1950
1070,1950
1060,1950
1050,1950
1040,1950
1030,1950
1020,1950
1010,1950
1000,1950
990,1950
980,1950
970,1950
960,1950
950,1950
940,1950
930,1950
920,1950
910,1950
900,1950
890,1950
880,1950
870,1950
860,1950
850,1950
840,1950
830,1950
820,1950
810,1950
800,1950
790,1950
780,1950
770,1950
760,1950
750,1950
740,1950
730,1950
720,1950
710,1950
700,1950
690,1950
680,1950
670,1950
660,1950
650,1950
640,1950
630,1950
620,1950
610,1950
600,1950
590,1950
580,1950
570,1950
560,1950
550,1950
540,1950
530,1950
520,1950
510,1950
500,1950
490,1950
480,1950
470,1950
460,1950
450,1950
440,1950
430,1950
420,1950
410,1950
400,1950
390,1950
380,1950
370,1950
360,1950
350,1950
350,1960
350,1970
350,1980
350,1990
350,2000
350,2010
350,2020
350,2030
350,2040
350,2050
350,2060
350,2070
350,2080
350,2090
350,2100
350,2110
350,2120
350,2130
350,2140
350,2150
350,2160
350,2170
350,2180
350,2190
350,2200
350,2210
350,2220
350,2230
350,2240
350,2250
350,2260
350,2270
350,2280
350,2290
350,2300
350,2310
350,2320
350,2330
350,2340
350,2350
350,2360
350,2370
350,2380
350,2390
350,2400
350,2410
350,2420
350,2430
350,2440
350,2450
360,2450
370,2450
380,2450
390,2450
400,2450
410,2450
420,2450
430,2450
440,2450
450,2450
460,2450
470,2450
480,2450
490,2450
500,2450
510,2450
520,2450
530,2450
540,2450
550,2450
560,2450
570,2450
580,2450
590,2450
600,2450
610,2450
620,2450
630,2450
640,2450
650,2450
660,2450
670,2450
680,2450
690,2450
700,2450
710,2450
720,2450
730,2450
740,2450
750,2450
760,2450
770,2450
780,2450
790,2450
800,2450
810,2450
820,2450
830,2450
840,2450
850,2450
860,2450
870,2450
880,2450
890,2450
900,2450
910,2450
920,2450
930,2450
940,2450
950,2450
960,2450
970,2450
980,2450
990,2450
1000,2450
1010,2450
1020,2450
1030,2450
1040,2450
1050,2450
1060,2450
1070,2450
1080,2450
1090,2450
1100,2450
1110,2450
1120,2450
1130,2450
1140,2450
1150,2450
1160,2450
1170,2450
1180,2450
1190,2450
1200,2450
1210,2450
1220,2450
1230,2450
1240,2450
1250,2450
1260,2450
1270,2450
1280,2450
1290,2450
1300,2450
1310,2450
1320,2450
1330,2450
1340,2450
1350,2450
1360,2450
1370,2450
1380,2450
1390,2450
1400,2450
1410,2450
1420,2450
1430,2450
1440,2450
1450,2450
1460,2450
1470,2450
1480,2450
1490,2450
1500,2450
1510,2450
1520,2450
1530,2450
1540,2450
1550,2450
1560,2450
1570,2450
1580,2450
1590,2450
1600,2450
1610,2450
1620,2450
1630,2450
1640,2450
1650,2450
1660,2450
1670,2450
1680,2450
1690,2450
1700,2450
1710,2450
1720,2450
1730,2450
1740,2450
1750,2450
1760,2450
1770,2450
1780,2450
1790,2450
1800,2450
1810,2450
1820,2450
1830,2450
1840,2450
1850,2450
1860,2450
1870,2450
1880,2450
1890,2450
1900,2450
1910,2450
1920,2450
1930,2450
1940,2450
1950,2450
1960,2450
1970,2450
1980,2450
1990,2450
2000,2450
2010,2450
2020,2450
2030,2450
2040,2450
2050,2450
2060,2450
2070,2450
2080,2450
2090,2450
2100,2450
2110,2450
2120,2450
2130,2450
2140,2450
2150,2450
2160,2450
2170,2450
2180,2450
2190,2450
2200,2450
2210,2450
2220,2450
2230,2450
2240,2450
2250,2450
2260,2450
2270,2450
2280,2450
2290,2450
2300,2450
2310,2450
2320,2450
2330,2450
2340,2450
2350,2450
2360,2450
2370,2450
2380,2450
2390,2450
2400,2450
2410,2450
2420,2450
2430,2450
2440,2450
2450,2450
2460,2450
2470,2450
2480,2450
2490,2450
2500,2450
2510,2450
2520,2450
2530,2450
2540,2450
2550,2450
2560,2450
2570,2450
2580,2450
2590,2450
2600,2450
2610,2450
2620,2450
2630,2450
2640,2450
2650,2450
2660,2450
2670,2450
2680,2450
2690,2450
2700,2450
2710,2450
2720,2450
2730,2450
2740,2450
2750,2450
2760,2450
2770,2450
2780,2450
2790,2450
2800,2450
2810,2450
2820,2450
2830,2450
2840,2450
2850,2450
2860,2450
2870,2450
2880,2450
2890,2450
2900,2450
2910,2450
2920,2450
2930,2450
2940,2450
2950,2450
2960,2450
2970,2450
2980,2450
2990,2450
3000,2450
3010,2450
3020,2450
3030,2450
3040,2450
3050,2450
3060,2450
3070,2450
3080,2450
3090,2450
3100,2450
3110,2450
3120,2450
3130,2450
3140,2450
3150,2450
3160,2450
3170,2450
3180,2450
3190,2450
3200,2450
3210,2450
3220,2450
3230,2450
3240,2450
3250,2450
3260,2450
3270,2450
3280,2450
3290,2450
3300,2450
3310,2450
3320,2450
3330,2450
3340,2450
3350,2450
3360,2450
3370,2450
3380,2450
3390,2450
3400,2450
3410,2450
3420,2450
3430,2450
3440,2450
3450,2450
3460,2450
3470,2450
3480,2450
3490,2450
3500,2450
3510,2450
3520,2450
3530,2450
3540,2450
3550,2450
3560,2450
3570,2450
3580,2450
3590,2450
3600,2450
3610,2450
3620,2450
3630,2450
3640,2450
3650,2450
3660,2450
3670,2450
3680,2450
3690,2450
3700,2450
3710,2450
3720,2450
3730,2450
3740,2450
3750,2450
3760,2450
3770,2450
3780,2450
3790,2450
3800,2450
3810,2450
3820,2450
3830,2450
3840,2450
3850,2450
3860,2450
3870,2450
3880,2450
3890,2450
3900,2450
3910,2450
3920,2450
3930,2450
3940,2450
3950,2450
3960,2450
3970,2450
3980,2450
3990,2450
4000,2450
4010,2450
4020,2450
4030,2450
4040,2450
4050,2450
4060,2450
4070,2450
4080,2450
4090,2450
4100,2450
4110,2450
4120,2450
4130,2450
4140,2450
4150,2450
4150,2460
4150,2470
4150,2480
4150,2490
4150,2500
4150,2510
4150,2520
4150,2530
4150,2540
4150,2550
4150,2560
4150,2570
4150,2580
4150,2590
4150,2600
4150,2610
4150,2620
4150,2630
4150,2640
4150,2650
4150,2660
4150,2670
4150,2680
4150,2690
4150,2700
4150,2710
4150,2720
4150,2730
4150,2740
4150,2750
4150,2760
4150,2770
4150,2780
4150,2790
4150,2800
4150,2810
4150,2820
4150,2830
4150,2840
4150,2850
4150,2860
4150,2870
4150,2880
4150,2890
4150,2900
4150,2910
4150,2920
4150,2930
4150,2940
4150,2950
4140,2950
4130,2950
4120,2950
4110,2950
4100,2950
4090,2950
4080,2950
4070,2950
4060,2950
4050,2950
4040,2950
4030,2950
4020,2950
4010,2950
4000,2950
3990,2950
3980,2950
3970,2950
3960,2950
3950,2950
3940,2950
3930,2950
3920,2950
3910,2950
3900,2950
3890,2950
3880,2950
3870,2950
3860,2950
3850,2950
3840,2950
3830,2950
3820,2950
3810,2950
3800,2950
3790,2950
3780,2950
3770,2950
3760,2950
3750,2950
3740,2950
3730,2950
3720,2950
3710,2950
3700,2950
3690,2950
3680,2950
3670,2950
3660,2950
3650,2950
3640,2950
3630,2950
3620,2950
3610,2950
3600,2950
3590,2950
3580,2950
3570,2950
3560,2950
3550,2950
3540,2950
3530,2950
3520,2950
3510,2950
3500,2950
3490,2950
3480,2950
3470,2950
3460,2950
3450,2950
3440,2950
3430,2950
3420,2950
3410,2950
3400,2950
3390,2950
3380,2950
3370,2950
3360,2950
3350,2950
3340,2950
3330,2950
3320,2950
3310,2950
3300,2950
3290,2950
3280,2950
3270,2950
3260,2950
3250,2950
3240,2950
3230,2950
3220,2950
3210,2950
3200,2950
3190,2950
3180,2950
3170,2950
3160,2950
3150,2950
3140,2950
3130,2950
3120,2950
3110,2950
3100,2950
3090,2950
3080,2950
3070,2950
3060,2950
3050,2950
3040,2950
3030,2950
3020,2950
3010,2950
3000,2950
2990,2950
2980,2950
2970,2950
2960,2950
2950,2950
2940,2950
2930,2950
2920,2950
2910,2950
2900,2950
2890,2950
2880,2950
2870,2950
2860,2950
2850,2950
2840,2950
2830,2950
2820,2950
2810,2950
2800,2950
2790,2950
2780,2950
2770,2950
2760,2950
2750,2950
2740,2950
2730,2950
2720,2950
2710,2950
2700,2950
2690,2950
2680,2950
2670,2950
2660,2950
2650,2950
2640,2950
2630,2950
2620,2950
2610,2950
2600,2950
2590,2950
2580,2950
2570,2950
2560,2950
2550,2950
2540,2950
2530,2950
2520,2950
2510,2950
2500,2950
2490,2950
2480,2950
2470,2950
2460,2950
2450,2950
2440,2950
2430,2950
2420,2950
2410,2950
2400,2950
2390,2950
2380,2950
2370,2950
2360,2950
2350,2950
2340,2950
2330,2950
2320,2950
2310,2950
2300,2950
2290,2950
2280,2950
2270,2950
2260,2950
2250,2950
2240,2950
2230,2950
2220,2950
2210,2950
2200,2950
2190,2950
2180,2950
2170,2950
2160,2950
2150,2950
2140,2950
2130,2950
2120,2950
2110,2950
2100,2950
2090,2950
2080,2950
2070,2950
2060,2950
2050,2950
2040,2950
2030,2950
2020,2950
2010,2950
2000,2950
1990,2950
1980,2950
1970,2950
1960,2950
1950,2950
1940,2950
1930,2950
1920,2950
1910,2950
1900,2950
1890,2950
1880,2950
1870,2950
1860,2950
1850,2950
1840,2950
1830,2950
1820,2950
1810,2950
1800,2950
1790,2950
1780,2950
1770,2950
1760,2950
1750,2950
1740,2950
1730,2950
1720,2950
1710,2950
1700,2950
1690,2950
1680,2950
1670,2950
1660,2950
1650,2950
1640,2950
1630,2950
1620,2950
1610,2950
1600,2950
1590,2950
1580,2950
1570,2950
1560,2950
1550,2950
1540,2950
1530,2950
1520,2950
1510,2950
1500,2950
1490,2950
1480,2950
1470,2950
1460,2950
1450,2950
1440,2950
1430,2950
1420,2950
1410,2950
1400,2950
1390,2950
1380,2950
1370,2950
1360,2950
1350,2950
1340,2950
1330,2950
1320,2950
1310,2950
1300,2950
1290,2950
1280,2950
1270,2950
1260,2950
1250,2950
1240,2950
1230,2950
1220,2950
1210,2950
1200,2950
1190,2950
1180,2950
1170,2950
1160,2950
1150,2950
1140,2950
1130,2950
1120,2950
1110,2950
1100,2950
1090,2950
1080,2950
1070,2950
1060,2950
1050,2950
1040,2950
1030,2950
1020,2950
1010,2950
1000,2950
990,2950
980,2950
970,2950
960,2950
950,2950
940,2950
930,2950
920,2950
910,2950
900,2950
890,2950
880,2950
870,2950
860,2950
850,2950
840,2950
830,2950
820,2950
810,2950
800,2950
790,2950
780,2950
770,2950
760,2950
750,2950
740,2950
730,2950
720,2950
710,2950
700,2950
690,2950
680,2950
670,2950
660,2950
650,2950
640,2950
630,2950
620,2950
610,2950
600,2950
590,2950
580,2950
570,2950
560,2950
550,2950
540,2950
530,2950
520,2950
510,2950
500,2950
490,2950
480,2950
470,2950
460,2950
450,2950
440,2950
430,2950
420,2950
410,2950
400,2950
390,2950
380,2950
370,2950
360,2950
350,2950
350,2960
350,2970
350,2980
350,2990
350,3000
350,3010
350,3020
350,3030
350,3040
350,3050
350,3060
350,3070
350,3080
350,3090
350,3100
350,3110
350,3120
350,3130
350,3140
350,3150
350,3160
350,3170
350,3180
350,3190
350,3200
350,3210
350,3220
350,3230
350,3240
350,3250
350,3260
350,3270
350,3280
350,3290
350,3300
350,3310
350,3320
350,3330
350,3340
350,3350
350,3360
350,3370
350,3380
350,3390
350,3400
350,3410
350,3420
350,3430
350,3440
350,3450
360,3450
370,3450
380,3450
390,3450
400,3450
410,3450
420,3450
430,3450
440,3450
450,3450
460,3450
470,3450
480,3450
490,3450
500,3450
510,3450
520,3450
530,3450
540,3450
550,3450
560,3450
570,3450
580,3450
590,3450
600,3450
610,3450
620,3450
630,3450
640,3450
650,3450
660,3450
670,3450
680,3450
690,3450
700,3450
710,3450
720,3450
730,3450
740,3450
750,3450
760,3450
770,3450
780,3450
790,3450
800,3450
810,3450
820,3450
830,3450
840,3450
850,3450
860,3450
870,3450
880,3450
890,3450
900,3450
910,3450
920,3450
930,3450
940,3450
950,3450
960,3450
970,3450
980,3450
990,3450
1000,3450
1010,3450
1020,3450
1030,3450
1040,3450
1050,3450
1060,3450
1070,3450
1080,3450
1090,3450
1100,3450
1110,3450
1120,3450
1130,3450
1140,3450
1150,3450
1160,3450
1170,3450
1180,3450
1190,3450
1200,3450
1210,3450
1220,3450
1230,3450
1240,3450
1250,3450
1260,3450
1270,3450
1280,3450
1290,3450
1300,3450
1310,3450
1320,3450
1330,3450
1340,3450
1350,3450
1360,3450
1370,3450
1380,3450
1390,3450
1400,3450
1410,3450
1420,3450
1430,3450
1440,3450
1450,3450
1460,3450
1470,3450
1480,3450
1490,3450
1500,3450
1510,3450
1520,3450
1530,3450
1540,3450
1550,3450
1560,3450
1570,3450
1580,3450
1590,3450
1600,3450
1610,3450
1620,3450
1630,3450
1640,3450
1650,3450
1660,3450
1670,3450
1680,3450
1690,3450
1700,3450
1710,3450
1720,3450
1730,3450
1740,3450
1750,3450
1760,3450
1770,3450
1780,3450
1790,3450
1800,3450
1810,3450
1820,3450
1830,3450
1840,3450
1850,3450
1860,3450
1870,3450
1880,3450
1890,3450
1900,3450
1910,3450
1920,3450
1930,3450
1940,3450
1950,3450
1960,3450
1970,3450
1980,3450
1990,3450
2000,3450
2010,3450
2020,3450
2030,3450
2040,3450
2050,3450
2060,3450
2070,3450
2080,3450
2090,3450
2100,3450
2110,3450
2120,3450
2130,3450
2140,3450
2150,3450
2160,3450
2170,3450
2180,3450
2190,3450
2200,3450
2210,3450
2220,3450
2230,3450
2240,3450
2250,3450
2260,3450
2270,3450
2280,3450
2290,3450
2300,3450
2310,3450
2320,3450
2330,3450
2340,3450
2350,3450
2360,3450
2370,3450
2380,3450
2390,3450
2400,3450
2410,3450
2420,3450
2430,3450
2440,3450
2450,3450
2460,3450
2470,3450
2480,3450
2490,3450
2500,3450
2510,3450
2520,3450
2530,3450
2540,3450
2550,3450
2560,3450
2570,3450
2580,3450
2590,3450
2600,3450
2610,3450
2620,3450
2630,3450
2640,3450
2650,3450
2660,3450
2670,3450
2680,3450
2690,3450
2700,3450
2710,3450
2720,3450
2730,3450
2740,3450
2750,3450
2760,3450
2770,3450
2780,3450
2790,3450
2800,3450
2810,3450
2820,3450
2830,3450
2840,3450
2850,3450
2860,3450
2870,3450
2880,3450
2890,3450
2900,3450
2910,3450
2920,3450
2930,3450
2940,3450
2950,3450
2960,3450
2970,3450
2980,3450
2990,3450
3000,3450
3010,3450
3020,3450
3030,3450
3040,3450
3050,3450
3060,3450
3070,3450
3080,3450
3090,3450
3100,3450
3110,3450
3120,3450
3130,3450
3140,3450
3150,3450
3160,3450
3170,3450
3180,3450
3190,3450
3200,3450
3210,3450
3220,3450
3230,3450
3240,3450
3250,3450
3260,3450
3270,3450
3280,3450
3290,3450
3300,3450
3310,3450
3320,3450
3330,3450
3340,3450
3350,3450
3360,3450
3370,3450
3380,3450
3390,3450
3400,3450
3410,3450
3420,3450
3430,3450
3440,3450
3450,3450
3460,3450
3470,3450
3480,3450
3490,3450
3500,3450
3510,3450
3520,3450
3530,3450
3540,3450
3550,3450
3560,3450
3570,3450
3580,3450
3590,3450
3600,3450
3610,3450
3620,3450
3630,3450
3640,3450
3650,3450
3660,3450
3670,3450
3680,3450
3690,3450
3700,3450
3710,3450
3720,3450
3730,3450
3740,3450
3750,3450
3760,3450
3770,3450
3780,3450
3790,3450
3800,3450
3810,3450
3820,3450
3830,3450
3840,3450
3850,3450
3860,3450
3870,3450
3880,3450
3890,3450
3900,3450
3910,3450
3920,3450
3930,3450
3940,3450
3950,3450
3960,3450
3970,3450
3980,3450
3990,3450
4000,3450
4010,3450
4020,3450
4030,3450
4040,3450
4050,3450
4060,3450
4070,3450
4080,3450
4090,3450
4100,3450
4110,3450
4120,3450
4130,3450
4140,3450
4150,3450
4150,3460
4150,3470
4150,3480
4150,3490
4150,3500
4150,3510
4150,3520
4150,3530
4150,3540
4150,3550
4150,3560
4150,3570
4150,3580
4150,3590
4150,3600
4150,3610
4150,3620
4150,3630
4150,3640
4150,3650
4150,3660
4150,3670
4150,3680
4150,3690
4150,3700
4150,3710
4150,3720
4150,3730
4150,3740
4150,3750
4150,3760
4150,3770
4150,3780
4150,3790
4150,3800
4150,3810
4150,3820
4150,3830
4150,3840
4150,3850
4150,3860
4150,3870
4150,3880
4150,3890
4150,3900
4150,3910
4150,3920
4150,3930
4150,3940
4150,3950
4140,3950
4130,3950
4120,3950
4110,3950
4100,3950
4090,3950
4080,3950
4070,3950
4060,3950
4050,3950
4040,3950
4030,3950
4020,3950
4010,3950
4000,3950
3990,3950
3980,3950
3970,3950
3960,3950
3950,3950
3940,3950
3930,3950
3920,3950
3910,3950
3900,3950
3890,3950
3880,3950
3870,3950
3860,3950
3850,3950
3840,3950
3830,3950
3820,3950
3810,3950
3800,3950
3790,3950
3780,3950
3770,3950
3760,3950
3750,3950
3740,3950
3730,3950
3720,3950
3710,3950
3700,3950
3690,3950
3680,3950
3670,3950
3660,3950
3650,3950
3640,3950
3630,3950
3620,3950
3610,3950
3600,3950
3590,3950
3580,3950
3570,3950
3560,3950
3550,3950
3540,3950
3530,3950
3520,3950
3510,3950
3500,3950
3490,3950
3480,3950
3470,3950
3460,3950
3450,3950
3440,3950
3430,3950
3420,3950
3410,3950
3400,3950
3390,3950
3380,3950
3370,3950
3360,3950
3350,3950
3340,3950
3330,3950
3320,3950
3310,3950
3300,3950
3290,3950
3280,3950
3270,3950
3260,3950
3250,3950
3240,3950
3230,3950
3220,3950
3210,3950
3200,3950
3190,3950
3180,3950
3170,3950
3160,3950
3150,3950
3140,3950
3130,3950
3120,3950
3110,3950
3100,3950
3090,3950
3080,3950
3070,3950
3060,3950
3050,3950
3040,3950
3030,3950
3020,3950
3010,3950
3000,3950
2990,3950
2980,3950
2970,3950
2960,3950
2950,3950
2940,3950
2930,3950
2920,3950
2910,3950
2900,3950
2890,3950
2880,3950
2870,3950
2860,3950
2850,3950
2840,3950
2830,3950
2820,3950
2810,3950
2800,3950
2790,3950
2780,3950
2770,3950
2760,3950
2750,3950
2740,3950
2730,3950
2720,3950
2710,3950
2700,3950
2690,3950
2680,3950
2670,3950
2660,3950
2650,3950
2640,3950
2630,3950
2620,3950
2610,3950
2600,3950
2590,3950
2580,3950
2570,3950
2560,3950
2550,3950
2540,3950
2530,3950
2520,3950
2510,3950
2500,3950
2490,3950
2480,3950
2470,3950
2460,3950
2450,3950
2440,3950
2430,3950
2420,3950
2410,3950
2400,3950
2390,3950
2380,3950
2370,3950
2360,3950
2350,3950
2340,3950
2330,3950
2320,3950
2310,3950
2300,3950
2290,3950
2280,3950
2270,3950
2260,3950
2250,3950
2240,3950
2230,3950
2220,3950
2210,3950
2200,3950
2190,3950
2180,3950
2170,3950
2160,3950
2150,3950
2140,3950
2130,3950
2120,3950
2110,3950
2100,3950
2090,3950
2080,3950
2070,3950
2060,3950
2050,3950
2040,3950
2030,3950
2020,3950
2010,3950
2000,3950
1990,3950
1980,3950
1970,3950
1960,3950
1950,3950
1940,3950
1930,3950
1920,3950
1910,3950
1900,3950
1890,3950
1880,3950
1870,3950
1860,3950
1850,3950
1840,3950
1830,3950
1820,3950
1810,3950
1800,3950
1790,3950
1780,3950
1770,3950
1760,3950
1750,3950
1740,3950
1730,3950
1720,3950
1710,3950
1700,3950
1690,3950
1680,3950
1670,3950
1660,3950
1650,3950
1640,3950
1630,3950
1620,3950
1610,3950
1600,3950
1590,3950
1580,3950
1570,3950
1560,3950
1550,3950
1540,3950
1530,3950
1520,3950
1510,3950
1500,3950
1490,3950
1480,3950
1470,3950
1460,3950
1450,3950
1440,3950
1430,3950
1420,3950
1410,3950
1400,3950
1390,3950
1380,3950
1370,3950
1360,3950
1350,3950
1340,3950
1330,3950
1320,3950
1310,3950
1300,3950
1290,3950
1280,3950
1270,3950
1260,3950
1250,3950
1240,3950
1230,3950
1220,3950
1210,3950
1200,3950
1190,3950
1180,3950
1170,3950
1160,3950
1150,3950
1140,3950
1130,3950
1120,3950
1110,3950
1100,3950
1090,3950
1080,3950
1070,3950
1060,3950
1050,3950
1040,3950
1030,3950
1020,3950
1010,3950
1000,3950
990,3950
980,3950
970,3950
960,3950
950,3950
940,3950
930,3950
920,3950
910,3950
900,3950
890,3950
880,3950
870,3950
860,3950
850,3950
840,3950
830,3950
820,3950
810,3950
800,3950
790,3950
780,3950
770,3950
760,3950
750,3950
740,3950
730,3950
720,3950
710,3950
700,3950
690,3950
680,3950
670,3950
660,3950
650,3950
640,3950
630,3950
620,3950
610,3950
600,3950
590,3950
580,3950
570,3950
560,3950
550,3950
540,3950
530,3950
520,3950
510,3950
500,3950
490,3950
480,3950
470,3950
460,3950
450,3950
440,3950
430,3950
420,3950
410,3950
400,3950
390,3950
380,3950
370,3950
360,3950
350,3950
350,3960
350,3970
350,3980
350,3990
350,4000
350,4010
350,4020
350,4030
350,4040
350,4050
350,4060
350,4070
350,4080
350,4090
350,4100
350,4110
350,4120
350,4130
350,4140
350,4150
350,4160
350,4170
350,4180
350,4190
350,4200
350,4210
350,4220
350,4230
350,4240
350,4250
350,4260
350,4270
350,4280
350,4290
350,4300
350,4310
350,4320
350,4330
350,4340
350,4350
350,4360
350,4370
350,4380
350,4390
350,4400
350,4410
350,4420
350,4430
350,4440
350,4450
360,4450
370,4450
380,4450
390,4450
400,4450
410,4450
420,4450
430,4450
440,4450
450,4450
460,4450
470,4450
480,4450
490,4450
500,4450
510,4450
520,4450
530,4450
540,4450
550,4450
560,4450
570,4450
580,4450
590,4450
600,4450
610,4450
620,4450
630,4450
640,4450
650,4450
660,4450
670,4450
680,4450
690,4450
700,4450
710,4450
720,4450
730,4450
740,4450
750,4450
760,4450
770,4450
780,4450
790,4450
800,4450
810,4450
820,4450
830,4450
840,4450
850,4450
860,4450
870,4450
880,4450
890,4450
900,4450
910,4450
920,4450
930,4450
940,4450
950,4450
960,4450
970,4450
980,4450
990,4450
1000,4450
1010,4450
1020,4450
1030,4450
1040,4450
1050,4450
1060,4450
1070,4450
1080,4450
1090,4450
1100,4450
1110,4450
1120,4450
1130,4450
1140,4450
1150,4450
1160,4450
1170,4450
1180,4450
1190,4450
1200,4450
1210,4450
1220,4450
1230,4450
1240,4450
1250,4450
1260,4450
1270,4450
1280,4450
1290,4450
1300,4450
1310,4450
1320,4450
1330,4450
1340,4450
1350,4450
1360,4450
1370,4450
1380,4450
1390,4450
1400,4450
1410,4450
1420,4450
1430,4450
1440,4450
1450,4450
1460,4450
1470,4450
1480,4450
1490,4450
1500,4450
1510,4450
1520,4450
1530,4450
1540,4450
1550,4450
1560,4450
1570,4450
1580,4450
1590,4450
1600,4450
1610,4450
1620,4450
1630,4450
1640,4450
1650,4450
1660,4450
1670,4450
1680,4450
1690,4450
1700,4450
1710,4450
1720,4450
1730,4450
1740,4450
1750,4450
1760,4450
1770,4450
1780,4450
1790,4450
1800,4450
1810,4450
1820,4450
1830,4450
1840,4450
1850,4450
1860,4450
1870,4450
1880,4450
1890,4450
1900,4450
1910,4450
1920,4450
1930,4450
1940,4450
1950,4450
1960,4450
1970,4450
1980,4450
1990,4450
2000,4450
2010,4450
2020,4450
2030,4450
2040,4450
2050,4450
2060,4450
2070,4450
2080,4450
2090,4450
2100,4450
2110,4450
2120,4450
2130,4450
2140,4450
2150,4450
2160,4450
2170,4450
2180,4450
2190,4450
2200,4450
2210,4450
2220,4450
2230,4450
2240,4450
2250,4450
2260,4450
2270,4450
2280,4450
2290,4450
2300,4450
2310,4450
2320,4450
2330,4450
2340,4450
2350,4450
2360,4450
2370,4450
2380,4450
2390,4450
2400,4450
2410,4450
2420,4450
2430,4450
2440,4450
2450,4450
2460,4450
2470,4450
2480,4450
2490,4450
2500,4450
2510,4450
2520,4450
2530,4450
2540,4450
2550,4450
2560,4450
2570,4450
2580,4450
2590,4450
2600,4450
2610,4450
2620,4450
2630,4450
2640,4450
2650,4450
2660,4450
2670,4450
2680,4450
2690,4450
2700,4450
2710,4450
2720,4450
2730,4450
2740,4450
2750,4450
2760,4450
2770,4450
2780,4450
2790,4450
2800,4450
2810,4450
2820,4450
2830,4450
2840,4450
2850,4450
2860,4450
2870,4450
2880,4450
2890,4450
2900,4450
2910,4450
2920,4450
2930,4450
2940,4450
2950,4450
2960,4450
2970,4450
2980,4450
2990,4450
3000,4450
3010,4450
3020,4450
3030,4450
3040,4450
3050,4450
3060,4450
3070,4450
3080,4450
3090,4450
3100,4450
3110,4450
3120,4450
3130,4450
3140,4450
3150,4450
3160,4450
3170,4450
3180,4450
3190,4450
3200,4450
3210,4450
3220,4450
3230,4450
3240,4450
3250,4450
3260,4450
3270,4450
3280,4450
3290,4450
3300,4450
3310,4450
3320,4450
3330,4450
3340,4450
3350,4450
3360,4450
3370,4450
3380,4450
3390,4450
3400,4450
3410,4450
3420,4450
3430,4450
3440,4450
3450,4450
3460,4450
3470,4450
3480,4450
3490,4450
3500,4450
3510,4450
3520,4450
3530,4450
3540,4450
3550,4450
3560,4450
3570,4450
3580,4450
3590,4450
3600,4450
3610,4450
3620,4450
3630,4450
3640,4450
3650,4450
3660,4450
3670,4450
3680,4450
3690,4450
3700,4450
3710,4450
3720,4450
3730,4450
3740,4450
3750,4450
3760,4450
3770,4450
3780,4450
3790,4450
3800,4450
3810,4450
3820,4450
3830,4450
3840,4450
3850,4450
3860,4450
3870,4450
3880,4450
3890,4450
3900,4450
3910,4450
3920,4450
3930,4450
3940,4450
3950,4450
3960,4450
3970,4450
3980,4450
3990,4450
4000,4450
4010,4450
4020,4450
4030,4450
4040,4450
4050,4450
4060,4450
4070,4450
4080,4450
4090,4450
4100,4450
4110,4450
4120,4450
4130,4450
4140,4450
4150,4450
