350,450
361,454
373,442
381,454
391,440
395,455
410,442
427,443
431,458
449,447
448,442
450,442
465,446
479,451
489,448
494,455
502,454
530,440
520,457
544,444
546,451
567,448
576,459
581,442
583,440
607,454
606,457
611,442
638,442
647,444
651,440
657,458
669,451
686,450
697,448
709,443
711,441
726,450
726,440
731,450
748,452
770,443
779,447
774,456
794,443
803,457
813,444
811,454
826,455
845,448
841,452
865,450
867,445
873,451
889,441
908,453
901,442
924,448
923,455
944,447
955,442
963,447
964,441
981,458
991,444
992,452
1012,454
1018,443
1025,456
1042,453
1055,460
1051,460
1065,448
1085,455
1081,440
1098,450
1101,458
1130,444
1120,444
1138,452
1142,455
1164,459
1178,443
1187,453
1181,452
1196,451
1209,460
1213,455
1239,449
1241,440
1249,457
1250,445
1272,454
1286,456
1283,454
1306,459
1314,441
1311,450
1324,451
1336,445
1344,443
1360,442
1372,447
1376,453
1394,445
1401,451
1409,453
1425,456
1425,450
1431,451
1454,454
1451,445
1466,457
1472,445
1492,440
1492,457
1504,442
1530,458
1537,453
1543,440
1554,450
1555,451
1572,454
1580,450
1598,457
1594,456
1607,458
1618,457
1626,450
1650,452
1655,459
1670,458
1680,456
1684,446
1689,445
1703,447
1717,454
1718,458
1725,456
1747,454
1742,445
1755,446
1760,443
1783,441
1783,440
1803,445
1811,443
1813,443
1830,442
1846,440
1851,446
1859,440
1880,452
1887,449
1891,444
1905,448
1911,445
1913,450
1922,449
1943,444
1944,459
1960,449
1975,452
1983,455
1981,451
2003,453
2012,447
2024,447
2039,449
2041,440
2043,442
2053,447
2062,455
2088,454
2093,440
2105,444
2118,440
2119,459
2129,447
2132,460
2154,443
2155,457
2170,446
2180,460
2183,459
2205,450
2205,440
2218,442
2226,441
2232,441
2258,444
2261,452
2277,440
2280,452
2281,455
2297,444
2300,457
2323,445
2325,442
2350,442
2349,458
2355,445
2362,456
2383,442
2397,452
2394,459
2414,458
2428,440
2433,449
2442,458
2455,444
2457,444
2466,455
2486,455
2481,443
2500,449
2514,453
2525,440
2524,442
2536,456
2558,455
2563,441
2580,458
2577,448
2594,449
2599,458
2607,446
2627,444
2637,459
2635,444
2658,441
2651,459
2679,457
2672,455
2692,453
2702,447
2701,452
2712,453
2730,458
2740,445
2756,459
2761,453
2766,457
2771,456
2799,459
2807,445
2815,451
2816,458
2825,447
2844,455
2844,446
2854,449
2878,456
2883,443
2898,450
2900,456
2909,441
2922,460
2927,459
2940,453
2948,445
2969,453
2970,458
2987,452
2992,451
2991,453
3012,457
3022,440
3033,457
3032,452
3047,457
3065,446
3061,451
3073,442
3093,449
3098,456
3114,447
3114,454
3122,446
3146,456
3160,440
3166,456
3169,458
3171,448
3180,452
3209,448
3214,449
3222,456
3239,454
3245,453
3243,449
3261,457
3275,440
3287,460
3280,460
3296,445
3309,452
3329,447
3324,455
3336,445
3341,450
3366,455
3378,454
3374,449
3382,454
3405,457
3420,460
3430,459
3440,448
3433,455
3455,455
3459,440
3468,458
3472,459
3486,455
3497,448
3517,460
3525,443
3524,448
3535,443
3540,460
3567,445
3580,440
3583,445
3595,453
3607,448
3617,456
3628,441
3640,443
3641,454
3645,443
3658,443
3670,447
3678,451
3698,445
3694,453
3709,455
3715,456
3739,460
3742,445
3748,459
3754,447
3770,440
3777,442
3795,448
3802,445
3813,444
3830,452
3823,449
3850,445
3843,451
3867,445
3879,453
3887,449
3893,450
3902,455
3908,448
3921,448
3939,455
3931,447
3954,455
3954,460
3979,442
3987,447
3984,458
4007,441
4015,454
4019,442
4031,444
4045,450
4046,460
4059,454
4065,443
4075,451
4093,452
4110,454
4113,442
4122,448
4122,457
4136,449
4149,451
4167,456
4173,451
4181,455
4181,445
4205,445
4216,448
4228,455
4225,451
4239,448
4241,460
4250,452
4274,441
4277,443
4282,453
4298,457
4312,452
4313,455
4335,441
4333,448
4344,451
4356,469
4344,465
4350,488
4349,492
4359,501
4340,500
4355,515
4360,535
4346,546
4341,551
4358,560
4360,574
4354,584
4340,585
4348,609
4340,619
4348,613
4359,633
4352,636
4359,647
4353,652
4356,667
4343,675
4360,682
4348,694
4340,715
4346,719
4359,728
4346,749
4359,748
4358,768
4350,761
4351,789
4355,797
4353,796
4343,803
4348,826
4359,826
4359,838
4354,850
4357,856
4358,875
4353,880
4354,887
4355,900
4357,901
4351,922
4342,928
4343,941
4351,950
4347,952
4324,960
4317,949
4312,942
4292,956
4284,945
4287,947
4268,960
4255,954
4247,949
4247,960
4226,940
4221,947
4205,958
4191,956
4181,950
4185,960
4177,942
4152,945
4145,959
4134,958
4140,952
4117,954
4108,940
4096,942
4081,943
4072,958
4062,944
4061,947
4049,956
4040,956
4028,958
4026,953
4017,952
4009,944
3999,945
3970,954
3979,953
3962,955
3947,945
3939,948
3925,955
3918,951
3920,949
3899,951
3888,957
3870,953
3866,940
3860,953
3847,953
3834,945
3822,950
3828,955
3814,960
3799,950
3781,959
3779,943
3769,950
3768,944
3753,944
3732,952
3730,955
3725,954
3711,957
3707,957
3684,960
3681,942
3674,940
3655,945
3660,950
3643,953
3637,944
3630,940
3605,949
3595,947
3595,949
3580,953
3576,940
3559,944
3550,952
3546,950
3521,952
3513,947
3506,954
3508,941
3497,940
3487,947
3463,941
3457,942
3440,941
3445,954
3432,945
3425,948
3402,956
3407,952
3396,951
3372,947
3362,945
3363,951
3359,952
3335,949
3328,957
3329,955
3303,956
3295,944
3282,951
3275,941
3276,952
3255,954
3250,940
3237,954
3222,944
3215,952
3207,942
3196,948
3186,948
3172,960
3164,958
3156,958
3160,960
3139,958
3123,950
3112,946
3120,943
3103,952
3100,957
3082,954
3075,957
3057,946
3043,949
3041,947
3029,951
3020,950
3005,948
3001,951
2980,959
2970,941
2973,952
2962,950
2940,958
2946,958
2931,941
2928,945
2906,958
2891,943
2883,949
2871,950
2872,959
2855,943
2851,950
2838,951
2837,941
2821,958
2815,947
2808,948
2797,955
2781,960
2770,943
2751,947
2740,945
2731,952
2736,940
2729,957
2708,948
2690,954
2689,959
2680,946
2665,949
2663,940
2660,955
2638,950
2637,959
2619,953
2603,956
2600,943
2599,951
2581,950
2570,948
2550,952
2552,943
2538,949
2531,959
2515,948
2511,955
2509,952
2483,953
2477,954
2476,953
2466,944
2459,949
2450,960
2424,960
2429,954
2400,954
2401,943
2396,952
2377,942
2366,959
2369,946
2340,958
2333,960
2328,957
2323,945
2313,949
2298,957
2281,960
2271,955
2269,942
2270,954
2253,940
2233,940
2227,943
2230,958
2207,954
2210,943
2185,956
2187,950
2163,958
2155,945
2143,949
2147,949
2124,953
2126,949
2103,941
2094,959
2080,960
2090,951
2071,954
2067,942
2051,955
2042,960
2021,945
2027,940
2002,951
1990,940
1984,956
1978,941
1980,945
1960,943
1958,941
1945,949
1927,959
1924,940
1904,952
1898,960
1887,952
1890,959
1878,947
1858,955
1851,942
1840,942
1820,944
1827,950
1818,942
1790,960
1798,958
1781,947
1767,956
1754,944
1740,951
1750,947
1724,940
1727,951
1700,955
1690,959
1697,947
1689,952
1672,948
1661,951
1649,960
1636,946
1624,944
1621,955
1601,944
1590,944
1593,951
1577,959
1562,946
1557,958
1554,949
1541,949
1527,950
1521,958
1503,956
1490,948
1491,942
1483,947
1475,945
1461,960
1452,955
1434,944
1439,947
1416,951
1404,942
1393,942
1388,959
1389,960
1365,946
1365,959
1348,959
1333,960
1329,947
1322,958
1314,942
1295,942
1288,960
1285,957
1278,960
1270,952
1257,942
1236,954
1234,958
1210,960
1217,945
1190,960
1189,946
1179,946
1174,941
1160,960
1141,946
1134,959
1121,954
1114,960
1108,945
1103,941
1080,947
1090,958
1079,951
1058,943
1043,950
1040,955
1022,954
1010,957
1016,944
1002,940
986,950
974,953
973,952
957,956
940,955
939,949
932,960
925,957
918,946
895,952
896,948
875,951
865,956
855,944
857,941
842,946
824,959
817,955
805,949
803,946
790,952
777,943
779,948
755,960
760,957
748,949
721,945
722,947
706,946
691,940
697,943
677,950
667,947
665,949
640,943
650,941
627,947
615,957
618,957
605,944
584,957
578,955
576,942
554,955
547,942
535,950
539,957
519,940
502,944
509,950
499,951
480,955
464,948
467,953
440,958
435,948
420,958
430,951
415,958
399,956
381,957
375,954
371,950
362,943
345,950
354,954
357,966
350,986
352,992
348,990
360,1009
347,1010
344,1029
352,1030
350,1052
352,1065
344,1070
342,1083
346,1083
360,1097
344,1114
357,1127
355,1132
358,1145
346,1152
360,1160
351,1160
349,1180
357,1182
344,1209
348,1218
358,1211
353,1227
354,1249
346,1243
359,1264
360,1278
360,1272
353,1289
360,1294
342,1311
358,1316
355,1331
344,1330
350,1350
345,1353
348,1368
358,1389
345,1388
359,1391
358,1402
348,1416
348,1430
348,1438
342,1449
360,1448
368,1458
389,1455
386,1454
397,1451
406,1456
411,1440
420,1452
449,1458
453,1444
452,1451
467,1459
479,1458
493,1451
499,1455
520,1453
511,1448
520,1440
536,1452
545,1452
559,1445
578,1440
580,1459
591,1453
604,1456
604,1449
610,1454
633,1449
639,1449
653,1453
652,1449
669,1449
675,1459
694,1443
710,1458
717,1453
720,1446
724,1454
747,1457
745,1460
759,1448
769,1446
771,1457
797,1452
804,1441
810,1458
814,1440
825,1448
833,1446
854,1449
855,1447
876,1444
885,1441
889,1442
909,1459
910,1440
924,1453
927,1446
938,1441
946,1456
959,1458
967,1448
984,1445
983,1456
993,1449
1018,1445
1017,1455
1028,1460
1050,1446
1044,1460
1063,1460
1078,1455
1071,1449
1086,1455
1106,1456
1100,1444
1128,1457
1139,1449
1149,1455
1158,1449
1151,1441
1175,1448
1174,1446
1182,1445
1209,1442
1201,1455
1220,1440
1233,1442
1245,1460
1252,1448
1265,1459
1273,1447
1275,1441
1284,1449
1301,1457
1317,1460
1326,1459
1339,1460
1345,1450
1341,1447
1363,1456
1375,1453
1371,1452
1393,1447
1393,1443
1415,1442
1427,1456
1435,1450
1437,1449
1457,1453
1460,1448
1471,1448
1474,1451
1489,1442
1490,1448
1520,1455
1511,1451
1522,1456
1536,1459
1548,1442
1552,1452
1579,1442
1574,1447
1582,1448
1605,1451
1600,1452
1613,1459
1627,1447
1634,1445
1658,1445
1651,1454
1664,1446
1672,1456
1686,1443
1701,1460
1718,1460
1713,1442
1734,1442
1749,1460
1748,1457
1768,1443
1767,1455
1778,1447
1795,1460
1802,1448
1807,1453
1829,1452
1822,1454
1837,1451
1842,1451
1855,1442
1880,1444
1884,1460
1897,1440
1902,1456
1916,1457
1927,1457
1920,1451
1941,1457
1946,1443
1964,1445
1971,1441
1974,1441
1997,1450
1992,1446
2020,1442
2029,1440
2024,1446
2043,1447
2053,1440
2052,1456
2066,1457
2072,1450
2094,1446
2105,1452
2115,1457
2123,1447
2123,1457
2135,1447
2140,1451
2156,1455
2171,1454
2182,1456
2199,1459
2190,1459
2205,1447
2215,1459
2236,1449
2236,1456
2242,1459
2266,1443
2263,1447
2289,1455
2288,1449
2310,1448
2308,1455
2322,1451
2322,1458
2344,1454
2357,1457
2365,1445
2368,1458
2373,1456
2395,1454
2406,1440
2409,1444
2417,1449
2434,1448
2434,1455
2454,1441
2465,1442
2462,1455
2472,1459
2492,1445
2510,1453
2500,1445
2527,1454
2533,1446
2531,1450
2560,1455
2569,1456
2568,1456
2574,1452
2585,1458
2604,1448
2614,1442
2628,1455
2632,1452
2635,1452
2640,1451
2651,1446
2678,1443
2680,1458
2699,1447
2693,1449
2714,1455
2710,1452
2725,1452
2746,1449
2757,1459
2750,1458
2767,1442
2770,1446
2786,1444
2806,1450
2814,1460
2818,1443
2830,1447
2831,1444
2857,1455
2852,1446
2880,1459
2874,1442
2897,1451
2890,1444
2916,1448
2917,1448
2924,1443
2945,1445
2956,1460
2967,1453
2972,1446
2987,1445
2996,1454
3000,1445
3017,1450
3019,1447
3020,1458
3042,1440
3049,1443
3065,1457
3076,1453
3083,1446
3100,1460
3094,1444
3118,1454
3117,1459
3133,1456
3146,1456
3142,1448
3161,1457
3162,1440
3174,1457
3191,1459
3190,1458
3210,1447
3218,1459
3234,1449
3233,1451
3244,1453
3258,1448
3279,1460
3278,1456
3287,1456
3309,1460
3302,1448
3328,1445
3320,1440
3343,1458
3349,1447
3351,1444
3376,1454
3387,1458
3385,1452
3408,1460
3401,1455
3412,1449
3428,1453
3436,1449
3445,1457
3465,1449
3465,1458
3481,1440
3496,1441
3501,1440
3510,1444
3517,1442
3530,1446
3534,1458
3546,1455
3554,1458
3571,1440
3583,1456
3590,1451
3590,1441
3612,1444
3626,1446
3629,1442
3647,1449
3642,1459
3659,1440
3669,1442
3687,1447
3694,1447
3703,1451
3709,1448
3720,1456
3721,1460
3739,1454
3741,1452
3755,1456
3769,1450
3786,1440
3783,1459
3798,1459
3810,1454
3822,1446
3833,1442
3837,1443
3840,1450
3850,1459
3878,1453
3875,1454
3893,1440
3904,1445
3920,1445
3919,1454
3924,1458
3943,1447
3942,1444
3963,1450
3967,1443
3970,1444
3999,1444
4003,1447
4008,1440
4014,1442
4030,1442
4045,1451
4048,1452
4063,1460
4067,1449
4079,1451
4081,1442
4095,1454
4104,1441
4112,1445
4130,1442
4141,1447
4156,1459
4169,1444
4164,1444
4188,1445
4191,1452
4193,1458
4216,1457
4212,1457
4239,1454
4245,1443
4246,1449
4258,1454
4275,1448
4274,1450
4283,1440
4307,1451
4304,1444
4326,1456
4324,1452
4340,1447
4346,1450
4346,1465
4352,1460
4351,1477
4360,1485
4351,1491
4359,1501
4350,1516
4345,1534
4353,1538
4349,1545
4341,1550
4360,1577
4352,1574
4355,1582
4340,1594
4342,1604
4349,1614
4345,1638
4354,1633
4346,1646
4358,1670
4343,1673
4350,1682
4348,1691
4352,1701
4347,1707
4360,1720
4350,1721
4359,1730
4341,1748
4343,1752
4357,1775
4349,1783
4355,1781
4349,1799
4341,1808
4341,1821
4352,1835
4355,1846
4353,1853
4350,1865
4357,1874
4358,1887
4353,1889
4344,1891
4360,1915
4342,1912
4349,1921
4346,1936
4358,1956
4349,1946
4330,1960
4319,1943
4303,1945
4296,1955
4288,1948
4288,1944
4271,1952
4265,1943
4241,1947
4234,1958
4236,1943
4226,1950
4212,1949
4200,1956
4188,1946
4186,1953
4178,1954
4151,1946
4150,1946
4145,1955
4128,1944
4111,1943
4103,1954
4106,1945
4088,1950
4080,1940
4069,1955
4058,1951
4056,1948
4035,1957
4028,1957
4010,1943
4020,1941
3990,1949
3999,1959
3978,1947
3968,1946
3963,1954
3953,1956
3935,1951
3937,1949
3923,1950
3905,1958
3898,1954
3891,1956
3872,1949
3877,1954
3862,1940
3848,1941
3831,1952
3832,1958
3823,1943
3805,1959
3810,1942
3787,1943
3772,1944
3775,1954
3752,1959
3749,1950
3746,1947
3725,1951
3725,1947
3707,1941
3708,1945
3683,1951
3674,1946
3669,1944
3662,1949
3642,1956
3631,1947
3636,1954
3613,1949
3620,1957
3601,1943
3590,1944
3576,1945
3570,1944
3559,1960
3542,1950
3533,1953
3532,1943
3526,1941
3517,1956
3500,1940
3484,1951
3487,1947
3474,1953
3451,1960
3456,1953
3437,1941
3420,1951
3413,1957
3406,1953
3399,1955
3389,1941
3387,1954
3380,1942
3367,1950
3344,1940
3331,1947
3338,1955
3313,1953
3301,1943
3307,1958
3292,1960
3278,1941
3271,1953
3260,1951
3253,1951
3237,1955
3229,1954
3210,1952
3211,1952
3200,1949
3196,1956
3170,1959
3161,1956
3159,1946
3156,1954
3137,1951
3125,1942
3127,1943
3116,1958
3091,1944
3082,1951
3090,1959
3079,1954
3061,1949
3047,1956
3043,1952
3039,1953
3015,1953
3020,1951
3005,1943
2987,1945
2985,1951
2978,1946
2958,1953
2959,1952
2950,1940
2931,1954
2925,1958
2920,1942
2908,1953
2881,1942
2886,1948
2880,1952
2864,1960
2859,1955
2834,1960
2828,1944
2826,1954
2813,1958
2794,1945
2787,1954
2782,1955
2763,1956
2764,1955
2748,1946
2741,1942
2721,1947
2714,1946
2716,1941
2710,1952
2689,1949
2674,1953
2675,1947
2653,1941
2642,1942
2649,1951
2629,1959
2618,1944
2608,1948
2604,1945
2598,1953
2573,1943
2570,1940
2552,1957
2552,1953
2550,1954
2531,1953
2528,1959
2515,1953
2494,1958
2494,1950
2487,1954
2462,1955
2451,1953
2450,1956
2436,1945
2431,1946
2421,1946
2401,1959
2405,1958
2391,1946
2383,1942
2362,1948
2360,1953
2344,1945
2340,1958
2325,1943
2319,1948
2319,1954
2292,1960
2299,1960
2286,1945
2280,1950
2262,1955
2245,1944
2250,1944
2220,1950
2217,1959
2211,1959
2196,1959
2197,1940
2176,1960
2171,1950
2157,1960
2153,1959
2135,1958
2136,1947
2116,1944
2120,1940
2091,1945
2085,1940
2077,1943
2078,1951
2060,1955
2060,1948
2037,1942
2032,1952
2024,1945
2000,1949
2007,1957
1985,1953
1978,1954
1975,1948
1955,1942
1947,1956
1946,1942
1929,1946
1919,1940
1914,1948
1898,1953
1893,1952
1871,1944
1867,1950
1861,1956
1841,1940
1843,1948
1828,1959
1825,1948
1800,1940
1790,1950
1787,1951
1781,1959
1761,1951
1757,1945
1747,1952
1738,1945
1732,1943
1720,1940
1711,1953
1690,1958
1699,1951
1689,1948
1672,1945
1652,1951
1644,1955
1636,1953
1636,1954
1623,1941
1611,1940
1604,1956
1588,1958
1580,1950
1565,1959
1564,1949
1557,1960
1534,1955
1534,1951
1518,1944
1501,1942
1509,1955
1483,1948
1478,1942
1467,1948
1469,1951
1453,1959
1437,1940
1420,1940
1421,1956
1406,1949
1406,1957
1394,1954
1383,1949
1374,1948
1356,1941
1349,1944
1349,1959
1325,1944
1320,1945
1307,1950
1294,1943
1281,1953
1279,1954
1278,1948
1260,1955
1250,1949
1230,1951
1222,1954
1210,1956
1211,1954
1210,1949
1197,1960
1184,1959
1165,1958
1151,1953
1156,1953
1149,1960
1138,1947
1130,1945
1114,1941
1110,1957
1096,1959
1073,1957
1077,1960
1062,1943
1058,1955
1031,1956
1022,1960
1022,1944
1007,1955
999,1942
980,1946
971,1947
968,1958
963,1957
950,1944
934,1957
933,1953
912,1954
908,1947
908,1949
889,1940
888,1953
871,1953
853,1957
847,1960
850,1940
821,1954
812,1960
806,1954
802,1941
782,1948
785,1959
772,1959
768,1948
750,1943
749,1947
720,1941
713,1956
709,1942
701,1954
689,1956
675,1953
678,1952
665,1942
654,1951
650,1943
622,1956
626,1944
603,1946
594,1956
594,1959
574,1941
576,1955
568,1948
549,1944
532,1959
524,1954
526,1948
515,1944
500,1960
484,1944
476,1947
475,1941
458,1947
449,1940
431,1947
420,1948
415,1945
416,1945
399,1946
391,1942
373,1957
377,1955
364,1947
360,1951
360,1954
343,1963
358,1970
347,1994
358,2005
351,2017
347,2022
358,2020
345,2035
351,2046
343,2066
355,2063
342,2084
353,2095
358,2095
351,2115
358,2114
347,2134
347,2149
346,2148
345,2168
351,2166
343,2172
350,2186
344,2194
353,2206
349,2214
346,2239
354,2235
340,2260
353,2260
346,2270
342,2270
358,2295
355,2308
353,2303
352,2324
355,2321
356,2350
340,2353
356,2370
347,2362
349,2380
343,2389
351,2397
348,2408
349,2425
341,2424
345,2439
344,2451
350,2444
363,2449
370,2452
390,2449
400,2454
405,2454
422,2452
428,2451
445,2451
444,2458
452,2458
464,2449
470,2447
497,2460
494,2449
500,2443
528,2446
537,2450
537,2445
554,2460
550,2448
575,2443
578,2441
582,2456
593,2460
604,2446
628,2445
634,2456
634,2459
653,2448
655,2442
664,2452
689,2460
691,2443
694,2458
700,2440
720,2447
727,2460
734,2442
755,2442
753,2442
771,2449
777,2440
784,2442
794,2457
803,2454
813,2446
824,2449
839,2441
846,2444
850,2447
863,2441
883,2455
883,2441
898,2457
918,2441
911,2445
935,2440
950,2450
943,2441
966,2442
960,2440
972,2456
992,2446
990,2442
1018,2456
1022,2455
1023,2460
1031,2449
1051,2443
1052,2452
1074,2441
1074,2454
1093,2441
1101,2449
1108,2460
1129,2445
1138,2458
1134,2450
1141,2442
1166,2455
1177,2453
1170,2440
1188,2441
1194,2448
1217,2449
1218,2440
1224,2452
1250,2458
1243,2458
1261,2457
1265,2449
1272,2452
1289,2454
1290,2454
1314,2440
1328,2448
1326,2448
1343,2441
1360,2456
1354,2450
1366,2455
1384,2459
1382,2442
1400,2456
1406,2442
1416,2452
1426,2454
1437,2447
1454,2457
1451,2445
1476,2440
1485,2448
1498,2460
1509,2445
1512,2446
1518,2455
1528,2440
1537,2442
1558,2444
1565,2458
1564,2451
1580,2458
1586,2456
1603,2440
1603,2451
1618,2453
1634,2446
1640,2460
1640,2447
1666,2455
1672,2441
1689,2455
1682,2456
1695,2458
1716,2459
1713,2457
1723,2447
1731,2451
1752,2458
1762,2450
1761,2447
1778,2449
1800,2451
1792,2452
1818,2455
1821,2441
1833,2441
1844,2442
1850,2449
1854,2450
1864,2451
1884,2456
1889,2453
1898,2453
1901,2452
1925,2449
1938,2454
1934,2451
1954,2452
1968,2454
1970,2448
1978,2457
1999,2442
1996,2442
2009,2444
2028,2443
2021,2458
2041,2455
2054,2453
2066,2441
2066,2454
2089,2446
2087,2458
2092,2442
2105,2460
2118,2457
2129,2449
2147,2457
2149,2447
2156,2444
2178,2458
2173,2457
2198,2446
2193,2459
2201,2454
2218,2441
2239,2453
2249,2456
2247,2460
2264,2454
2263,2443
2282,2458
2288,2452
2301,2445
2311,2440
2330,2451
2340,2443
2343,2460
2353,2441
2370,2452
2373,2459
2382,2460
2386,2447
2398,2458
2415,2457
2425,2455
2423,2443
2445,2458
2441,2449
2468,2448
2463,2460
2488,2453
2496,2451
2504,2457
2517,2458
2520,2455
2536,2460
2550,2440
2551,2451
2556,2459
2560,2458
2570,2453
2597,2460
2593,2447
2600,2451
2616,2447
2628,2456
2646,2442
2651,2458
2658,2452
2665,2456
2681,2447
2680,2450
2697,2445
2705,2454
2717,2460
2724,2444
2745,2449
2745,2449
2767,2440
2780,2454
2770,2445
2781,2451
2795,2444
2802,2456
2821,2454
2826,2459
2836,2442
2846,2455
2865,2455
2864,2458
2877,2447
2890,2445
2898,2455
2901,2445
2912,2447
2932,2455
2931,2443
2948,2449
2961,2452
2961,2453
2989,2440
2991,2444
3007,2440
3012,2454
3022,2450
3040,2457
3043,2458
3048,2452
3061,2456
3061,2448
3084,2451
3080,2446
3107,2454
3119,2446
3118,2448
3127,2451
3149,2441
3143,2456
3161,2446
3179,2451
3186,2455
3198,2455
3206,2447
3220,2447
3210,2459
3226,2459
3231,2450
3249,2449
3267,2455
3260,2445
3270,2460
3283,2454
3305,2444
3306,2456
3317,2447
3340,2443
3332,2460
3350,2452
3358,2446
3360,2454
3371,2443
3380,2452
3404,2444
3417,2444
3419,2448
3420,2440
3448,2441
3457,2453
3455,2446
3463,2443
3480,2443
3488,2458
3495,2450
3519,2441
3519,2454
3533,2443
3530,2449
3560,2454
3550,2445
3580,2453
3586,2440
3582,2459
3609,2456
3604,2453
3613,2446
3621,2444
3634,2450
3643,2459
3658,2446
3675,2450
3686,2456
3684,2452
3707,2455
3710,2453
3723,2455
3729,2457
3741,2454
3749,2446
3757,2441
3776,2458
3770,2456
3782,2441
3791,2454
3814,2457
3812,2454
3820,2447
3830,2456
3842,2449
3858,2454
3861,2444
3875,2456
3881,2454
3902,2460
3920,2440
3910,2445
3929,2442
3950,2455
3958,2455
3961,2457
3962,2460
3990,2451
3984,2447
3995,2455
4014,2459
4027,2442
4027,2459
4048,2447
4059,2457
4065,2441
4071,2445
4080,2446
4099,2444
4096,2457
4118,2451
4124,2458
4126,2452
4148,2450
4141,2446
4167,2444
4165,2448
4174,2460
4181,2442
4192,2442
4209,2458
4219,2457
4229,2444
4248,2458
4260,2451
4256,2448
4262,2453
4270,2453
4282,2459
4299,2457
4314,2450
4326,2457
4324,2445
4341,2457
4344,2449
4355,2454
4347,2461
4354,2490
4343,2482
4359,2490
4352,2514
4349,2524
4358,2535
4345,2531
4354,2553
4345,2566
4360,2577
4351,2585
4341,2598
4343,2593
4358,2611
4350,2623
4359,2636
4355,2635
4356,2660
4348,2657
4353,2660
4357,2687
4356,2695
4340,2699
4341,2720
4345,2726
4344,2739
4343,2730
4350,2752
4345,2765
4342,2761
4359,2776
4350,2792
4347,2794
4345,2810
4357,2823
4346,2828
4357,2848
4345,2846
4358,2854
4360,2869
4344,2881
4350,2882
4353,2900
4358,2916
4347,2927
4341,2920
4355,2940
4359,2949
4345,2945
4337,2941
4325,2956
4320,2951
4308,2958
4299,2956
4277,2959
4264,2944
4261,2959
4241,2941
4241,2954
4239,2950
4225,2951
4213,2951
4205,2942
4184,2948
4173,2949
4165,2942
4168,2943
4143,2949
4142,2948
4131,2942
4123,2954
4117,2954
4096,2960
4084,2944
4088,2949
4064,2945
4054,2960
4040,2941
4041,2953
4021,2942
4019,2955
4013,2949
4008,2960
3999,2945
3978,2952
3977,2948
3951,2943
3942,2946
3939,2944
3925,2941
3914,2945
3916,2954
3900,2954
3894,2950
3873,2947
3878,2940
3854,2959
3850,2957
3842,2949
3824,2949
3826,2952
3809,2947
3795,2946
3785,2952
3790,2952
3773,2941
3763,2945
3758,2940
3734,2952
3733,2959
3723,2960
3708,2956
3708,2944
3689,2942
3680,2952
3680,2945
3657,2956
3640,2947
3640,2951
3622,2943
3628,2956
3617,2955
3596,2947
3600,2960
3585,2952
3577,2947
3558,2942
3557,2954
3532,2951
3535,2945
3525,2960
3511,2951
3490,2952
3491,2941
3478,2943
3468,2954
3458,2946
3449,2943
3449,2944
3435,2945
3414,2953
3404,2947
3410,2952
3386,2956
3376,2958
3368,2955
3357,2941
3349,2954
3342,2941
3325,2954
3312,2960
3317,2953
3304,2958
3296,2944
3271,2952
3268,2953
3270,2952
3254,2952
3247,2948
3236,2949
3225,2959
3219,2947
3202,2959
3180,2945
3181,2950
3175,2950
3157,2953
3140,2958
3146,2946
3125,2957
3127,2949
3107,2940
3096,2960
3087,2949
3090,2946
3068,2958
3070,2958
3059,2957
3032,2956
3040,2955
3013,2957
3013,2954
2999,2953
2989,2960
2970,2954
2979,2951
2952,2940
2957,2948
2940,2946
2920,2957
2922,2943
2908,2948
2902,2948
2899,2948
2879,2945
2877,2941
2868,2942
2844,2956
2837,2950
2831,2945
2811,2958
2820,2955
2804,2950
2782,2947
2772,2960
2780,2943
2769,2950
2758,2940
2748,2953
2735,2949
2730,2947
2707,2949
2701,2951
2681,2947
2682,2958
2673,2951
2656,2941
2652,2946
2630,2951
2630,2957
2630,2958
2610,2946
2592,2946
2595,2940
2572,2950
2572,2943
2559,2956
2546,2956
2547,2949
2532,2956
2525,2946
2505,2944
2506,2960
2498,2960
2478,2954
2476,2953
2450,2953
2448,2952
2444,2940
2438,2951
2416,2958
2412,2950
2403,2956
2387,2955
2388,2959
2366,2958
2363,2958
2345,2951
2344,2955
2323,2959
2326,2951
2318,2945
2303,2941
2288,2956
2271,2955
2271,2958
2264,2959
2257,2941
2236,2940
2227,2957
2217,2940
2217,2944
2208,2948
2180,2957
2174,2955
2164,2955
2155,2956
2149,2946
2134,2946
2138,2951
2127,2941
2117,2953
2102,2945
2095,2959
2070,2950
2065,2942
2060,2956
2040,2946
2044,2953
2028,2954
2012,2957
2006,2948
2005,2948
1990,2956
1976,2952
1974,2945
1970,2957
1960,2945
1948,2941
1930,2957
1916,2952
1905,2941
1900,2951
1885,2946
1888,2956
1870,2941
1851,2944
1841,2953
1840,2946
1832,2945
1830,2960
1817,2940
1791,2948
1789,2944
1783,2951
1768,2952
1764,2960
1748,2949
1748,2950
1736,2942
1722,2948
1700,2942
1708,2944
1689,2949
1673,2942
1666,2954
1660,2941
1642,2951
1630,2946
1623,2948
1618,2942
1609,2940
1608,2947
1589,2944
1583,2958
1572,2950
1553,2944
1549,2959
1540,2960
1534,2959
1521,2948
1503,2942
1505,2941
1495,2955
1472,2956
1465,2956
1456,2943
1446,2948
1430,2951
1430,2951
1430,2948
1411,2957
1399,2952
1386,2960
1370,2957
1378,2950
1367,2951
1354,2953
1336,2949
1327,2959
1318,2950
1303,2957
1307,2946
1297,2955
1283,2949
1278,2952
1262,2953
1255,2942
1246,2955
1226,2957
1218,2956
1212,2949
1199,2945
1195,2949
1178,2953
1179,2960
1168,2941
1158,2950
1144,2959
1138,2950
1127,2955
1119,2942
1091,2941
1081,2951
1083,2956
1080,2951
1068,2948
1043,2951
1038,2954
1027,2944
1022,2951
1011,2941
998,2943
991,2942
977,2943
979,2947
965,2942
957,2955
934,2955
935,2947
912,2944
919,2949
908,2943
898,2955
889,2960
862,2953
851,2950
850,2959
846,2950
835,2957
810,2941
803,2944
802,2940
783,2940
780,2943
775,2941
757,2951
741,2956
742,2958
724,2941
713,2960
719,2948
700,2945
686,2957
689,2949
665,2960
668,2940
650,2951
648,2952
625,2941
612,2944
600,2950
592,2943
590,2941
585,2941
573,2942
558,2950
542,2943
543,2952
528,2953
522,2960
511,2950
508,2950
485,2948
473,2947
476,2960
456,2940
455,2945
432,2947
429,2945
415,2944
408,2941
401,2960
393,2956
384,2941
367,2955
369,2945
348,2957
345,2950
349,2969
352,2990
347,2991
353,2993
350,3001
354,3026
346,3032
349,3044
346,3052
357,3057
352,3062
346,3073
349,3085
353,3093
352,3111
354,3130
357,3135
348,3146
345,3146
343,3170
343,3163
340,3190
349,3196
346,3208
354,3212
354,3226
352,3224
350,3236
341,3260
341,3255
357,3260
346,3274
352,3280
350,3297
343,3315
344,3329
353,3330
349,3350
352,3349
347,3365
353,3380
358,3388
356,3388
351,3391
354,3416
342,3423
342,3422
343,3440
354,3447
361,3446
375,3441
390,3449
391,3458
392,3444
401,3442
423,3459
425,3440
438,3458
455,3446
464,3454
478,3441
477,3451
487,3445
505,3444
519,3458
524,3442
533,3448
534,3451
553,3456
563,3441
575,3441
573,3442
591,3448
607,3455
608,3451
620,3454
624,3450
632,3453
647,3440
663,3458
668,3455
677,3456
685,3456
698,3443
712,3445
715,3457
732,3452
735,3456
752,3444
752,3440
772,3440
789,3455
793,3443
798,3451
801,3450
829,3457
837,3446
830,3449
851,3456
852,3451
866,3452
878,3442
884,3443
895,3454
906,3457
920,3441
939,3458
936,3450
957,3457
958,3444
967,3452
974,3452
999,3451
992,3444
1008,3458
1023,3441
1037,3454
1036,3445
1049,3450
1066,3441
1069,3455
1090,3454
1082,3441
1093,3451
1112,3446
1120,3451
1124,3440
1138,3441
1160,3448
1150,3455
1179,3452
1171,3458
1197,3449
1204,3451
1208,3458
1230,3448
1230,3447
1242,3458
1242,3447
1252,3445
1271,3454
1272,3442
1296,3448
1299,3452
1314,3451
1319,3440
1335,3460
1346,3450
1351,3448
1366,3451
1368,3452
1381,3448
1389,3457
1392,3441
1420,3442
1428,3443
1433,3441
1441,3443
1456,3457
1456,3455
1468,3447
1472,3454
1496,3447
1508,3440
1511,3457
1510,3449
1540,3446
1532,3460
1541,3441
1550,3460
1569,3445
1578,3445
1591,3459
1603,3442
1615,3442
1624,3440
1625,3448
1645,3456
1660,3456
1670,3441
1673,3446
1683,3441
1688,3452
1709,3460
1704,3449
1711,3451
1721,3459
1731,3456
1756,3450
1758,3455
1766,3448
1783,3454
1784,3454
1795,3452
1820,3458
1810,3445
1837,3448
1841,3447
1855,3453
1861,3440
1873,3453
1871,3457
1887,3453
1899,3456
1915,3457
1928,3460
1929,3441
1931,3440
1954,3443
1952,3450
1975,3450
1988,3457
1995,3452
1992,3450
2005,3442
2026,3452
2031,3458
2031,3450
2041,3448
2052,3453
2063,3444
2073,3452
2084,3452
2106,3440
2112,3453
2124,3459
2137,3450
2137,3444
2152,3458
2162,3445
2165,3451
2174,3449
2181,3441
2200,3459
2200,3440
2223,3444
2226,3447
2240,3447
2246,3459
2252,3453
2280,3445
2273,3459
2299,3441
2307,3449
2307,3447
2324,3452
2323,3460
2344,3447
2345,3458
2350,3449
2371,3443
2382,3454
2382,3457
2390,3448
2409,3455
2427,3449
2428,3454
2431,3458
2449,3454
2459,3441
2475,3457
2476,3454
2495,3445
2500,3451
2516,3458
2527,3451
2525,3443
2540,3442
2540,3457
2552,3459
2577,3451
2575,3453
2589,3449
2593,3440
2607,3456
2613,3440
2634,3452
2645,3445
2654,3456
2668,3454
2668,3448
2680,3460
2700,3445
2690,3450
2718,3458
2726,3460
2731,3455
2735,3445
2740,3440
2759,3442
2780,3442
2774,3442
2799,3442
2793,3444
2803,3444
2824,3451
2824,3456
2844,3440
2847,3460
2869,3451
2863,3444
2873,3458
2895,3443
2895,3440
2912,3450
2915,3455
2922,3442
2947,3441
2949,3460
2959,3453
2962,3457
2984,3443
2983,3451
2998,3444
3003,3460
3020,3446
3038,3442
3045,3444
3055,3451
3068,3441
3063,3440
3074,3455
3098,3445
3104,3447
3116,3451
3124,3454
3127,3444
3149,3460
3152,3460
3152,3444
3180,3449
3181,3440
3181,3456
3195,3456
3208,3447
3227,3450
3224,3442
3242,3444
3245,3445
3267,3460
3265,3452
3278,3455
3283,3456
3291,3455
3317,3440
3328,3460
3337,3459
3350,3453
3350,3441
3368,3458
3378,3453
3375,3444
3394,3456
3399,3457
3420,3446
3417,3451
3433,3450
3435,3442
3453,3445
3467,3457
3466,3445
3479,3449
3489,3440
3505,3450
3514,3458
3519,3450
3536,3451
3545,3449
3555,3451
3569,3451
3569,3448
3582,3456
3599,3443
3593,3454
3602,3458
3620,3442
3625,3445
3648,3444
3648,3458
3650,3440
3663,3452
3687,3454
3694,3457
3690,3458
3700,3459
3715,3452
3732,3444
3747,3453
3752,3446
3759,3441
3780,3450
3786,3456
3781,3460
3798,3455
3806,3441
3827,3459
3838,3444
3846,3447
3848,3453
3870,3445
3875,3445
3872,3451
3882,3453
3898,3451
3901,3444
3926,3443
3940,3440
3939,3447
3945,3449
3951,3454
3965,3457
3990,3454
3999,3443
4003,3458
4001,3456
4017,3453
4032,3453
4033,3453
4056,3447
4059,3455
4078,3448
4071,3442
4084,3452
4096,3441
4119,3455
4126,3447
4124,3451
4136,3459
4148,3458
4166,3444
4171,3442
4189,3456
4189,3459
4207,3447
4211,3447
4222,3447
4224,3453
4233,3459
4242,3447
4264,3453
4266,3440
4278,3453
4280,3440
4296,3441
4320,3453
4318,3445
4322,3441
4344,3441
4348,3444
4347,3456
4359,3460
4352,3479
4358,3487
4345,3502
4355,3519
4359,3516
4353,3527
4355,3542
4353,3551
4354,3567
4352,3564
4359,3575
4349,3593
4348,3609
4356,3613
4360,3625
4359,3622
4352,3642
4342,3653
4346,3663
4347,3661
4343,3685
4352,3696
4341,3693
4340,3701
4343,3730
4340,3738
4355,3747
4344,3740
4341,3756
4352,3767
4341,3779
4358,3796
4356,3798
4349,3815
4356,3829
4341,3825
4355,3844
4346,3844
4342,3853
4355,3861
4344,3878
4348,3898
4340,3901
4349,3910
4355,3918
4342,3920
4344,3950
4341,3942
4350,3941
4339,3948
4321,3948
4319,3951
4293,3942
4293,3954
4282,3941
4276,3958
4266,3960
4245,3944
4231,3944
4239,3958
4227,3957
4209,3948
4200,3949
4180,3951
4170,3945
4165,3943
4157,3957
4144,3950
4131,3959
4122,3957
4116,3949
4101,3946
4093,3957
4086,3955
4090,3949
4065,3950
4060,3954
4056,3957
4045,3942
4031,3953
4019,3949
4013,3952
4006,3945
3980,3947
3985,3952
3963,3948
3955,3955
3960,3949
3950,3946
3927,3941
3915,3959
3909,3952
3910,3959
3888,3955
3870,3947
3877,3960
3852,3942
3846,3956
3837,3956
3831,3940
3830,3946
3804,3940
3807,3947
3784,3947
3779,3945
3764,3946
3762,3946
3749,3960
3744,3953
3732,3957
3730,3946
3719,3944
3690,3945
3688,3940
3680,3941
3673,3943
3659,3954
3656,3941
3648,3955
3639,3954
3611,3960
3611,3954
3610,3946
3596,3949
3573,3941
3572,3960
3552,3957
3555,3945
3545,3952
3534,3950
3514,3959
3505,3943
3498,3947
3485,3945
3490,3943
3475,3941
3468,3944
3456,3945
3442,3945
3421,3950
3423,3940
3412,3943
3401,3956
3397,3958
3383,3948
3371,3948
3370,3954
3343,3955
3337,3955
3323,3953
3312,3950
3307,3943
3294,3942
3292,3945
3275,3958
3264,3940
3260,3958
3240,3953
3249,3948
3220,3943
3211,3948
3219,3941
3201,3958
3187,3958
3172,3959
3170,3955
3167,3955
3140,3948
3147,3940
3138,3950
3110,3944
3100,3950
3098,3942
3087,3948
3071,3950
3066,3947
3063,3944
3056,3940
3036,3946
3025,3942
3016,3951
3012,3942
3008,3949
2992,3959
2989,3956
2968,3951
2967,3958
2941,3949
2947,3949
2926,3942
2924,3954
2909,3960
2894,3958
2882,3942
2881,3940
2868,3946
2862,3944
2860,3959
2847,3945
2837,3941
2817,3943
2819,3960
2791,3943
2783,3957
2788,3952
2762,3957
2753,3947
2752,3949
2747,3947
2737,3940
2710,3958
2705,3945
2690,3944
2697,3957
2685,3941
2669,3944
2668,3945
2648,3948
2639,3956
2636,3951
2617,3952
2606,3942
2605,3947
2598,3957
2585,3950
2571,3949
2570,3941
2560,3958
2548,3950
2523,3958
2527,3943
2505,3951
2507,3954
2480,3953
2489,3952
2475,3959
2464,3943
2456,3941
2436,3958
2429,3953
2418,3950
2414,3954
2406,3954
2381,3948
2387,3944
2367,3951
2358,3946
2348,3952
2349,3952
2329,3951
2327,3941
2313,3940
2310,3960
2299,3946
2284,3954
2270,3948
2266,3960
2244,3949
2246,3951
2232,3951
2230,3940
2201,3946
2207,3955
2198,3950
2190,3949
2163,3941
2152,3943
2158,3958
2149,3949
2133,3947
2130,3941
2112,3943
2104,3959
2082,3955
2085,3958
2074,3946
2062,3958
2042,3947
2036,3951
2040,3960
2019,3958
2011,3945
1994,3957
1993,3946
1987,3945
1964,3940
1959,3945
1947,3952
1944,3960
1928,3945
1913,3955
1911,3952
1901,3954
1887,3942
1880,3942
1871,3941
1857,3948
1845,3956
1844,3940
1833,3951
1812,3941
1809,3957
1791,3950
1793,3959
1783,3959
1768,3944
1766,3960
1740,3951
1745,3940
1725,3957
1730,3949
1709,3952
1708,3956
1691,3960
1683,3950
1669,3949
1665,3956
1642,3954
1650,3952
1626,3958
1622,3950
1619,3951
1601,3958
1599,3940
1585,3952
1579,3955
1550,3959
1552,3944
1549,3946
1527,3945
1520,3945
1520,3956
1505,3959
1491,3943
1476,3948
1472,3948
1467,3949
1459,3941
1440,3952
1422,3944
1423,3942
1409,3946
1407,3943
1397,3940
1370,3951
1364,3956
1351,3944
1347,3955
1335,3959
1331,3945
1327,3944
1310,3946
1299,3954
1298,3948
1276,3941
1280,3941
1266,3952
1254,3955
1243,3953
1229,3945
1226,3949
1208,3959
1198,3959
1185,3951
1187,3955
1161,3948
1154,3945
1159,3946
1133,3953
1126,3953
1111,3958
1100,3942
1105,3953
1091,3954
1085,3957
1079,3949
1067,3956
1059,3957
1043,3959
1039,3950
1019,3954
1007,3941
1001,3945
983,3940
977,3944
979,3952
952,3946
941,3948
949,3941
924,3951
929,3946
915,3950
909,3958
882,3956
870,3956
870,3960
859,3943
858,3946
848,3950
836,3942
824,3952
808,3958
809,3948
783,3940
780,3951
776,3944
768,3940
743,3947
733,3952
726,3944
727,3958
704,3942
690,3958
689,3959
686,3943
672,3941
669,3940
655,3954
646,3947
636,3947
628,3948
619,3950
594,3947
600,3954
576,3956
568,3955
565,3954
560,3958
532,3948
525,3957
520,3957
508,3955
497,3947
482,3946
484,3944
473,3958
462,3952
457,3949
446,3955
426,3945
427,3960
415,3946
399,3941
389,3947
388,3960
366,3940
368,3960
340,3943
352,3960
340,3969
344,3978
358,3989
357,3993
351,4013
347,4011
344,4032
340,4044
355,4047
352,4064
357,4068
356,4089
355,4087
345,4110
355,4102
349,4121
353,4125
359,4135
351,4157
356,4165
349,4180
341,4190
357,4193
343,4207
354,4218
350,4219
341,4222
352,4234
341,4255
358,4261
351,4278
358,4288
356,4294
350,4294
347,4303
356,4321
343,4333
353,4344
354,4343
348,4368
352,4374
353,4379
357,4391
341,4391
347,4418
353,4413
349,4430
360,4444
353,4459
359,4446
363,4440
374,4441
391,4449
408,4443
419,4450
413,4440
428,4449
434,4460
457,4440
464,4447
475,4449
488,4444
499,4453
496,4442
500,4444
529,4459
530,4457
532,4455
558,4452
552,4455
573,4457
590,4451
581,4459
595,4445
611,4454
622,4448
638,4455
647,4447
660,4443
659,4445
680,4452
677,4451
699,4442
705,4456
718,4447
712,4455
729,4450
731,4440
749,4444
757,4454
761,4449
774,4450
780,4450
795,4447
819,4449
829,4445
826,4453
834,4440
843,4450
858,4444
860,4447
890,4460
888,4443
896,4443
900,4447
926,4441
933,4450
943,4449
954,4454
966,4445
978,4453
986,4456
995,4459
1002,4453
1014,4456
1014,4452
1027,4459
1046,4449
1053,4449
1055,4443
1076,4443
1087,4447
1080,4459
1109,4443
1117,4440
1111,4451
1121,4441
1143,4445
1146,4456
1160,4449
1166,4459
1188,4458
1183,4445
1207,4450
1200,4459
1230,4449
1226,4445
1235,4448
1245,4445
1262,4447
1265,4449
1280,4444
1290,4443
1310,4458
1319,4444
1320,4460
1324,4444
1350,4448
1345,4443
1353,4451
1361,4441
1376,4444
1380,4445
1392,4444
1407,4455
1411,4447
1425,4449
1444,4450
1457,4448
1453,4441
1460,4444
1475,4449
1500,4445
1501,4459
1505,4451
1513,4449
1530,4441
1531,4453
1553,4452
1558,4449
1565,4457
1585,4454
1598,4457
1607,4451
1611,4449
1629,4446
1639,4446
1639,4460
1648,4453
1663,4446
1672,4454
1681,4442
1688,4447
1707,4460
1700,4450
1724,4455
1721,4456
1745,4459
1740,4455
1770,4443
1768,4460
1784,4447
1787,4458
1807,4458
1806,4452
1814,4449
1835,4459
1846,4441
1855,4453
1852,4460
1863,4459
1875,4446
1881,4456
1896,4445
1912,4446
1926,4444
1930,4457
1931,4442
1941,4453
1950,4444
1980,4452
1983,4442
1999,4457
2009,4440
2019,4440
2027,4444
2022,4450
2034,4445
2043,4445
2062,4446
2065,4454
2079,4456
2081,4453
2100,4450
2115,4454
2112,4449
2137,4452
2136,4441
2156,4453
2167,4449
2162,4455
2173,4455
2187,4445
2205,4447
2213,4459
2223,4444
2228,4453
2238,4458
2246,4453
2250,4445
2277,4456
2284,4448
2285,4445
2291,4449
2307,4457
2312,4448
2332,4452
2333,4443
2355,4457
2358,4456
2370,4460
2386,4460
2380,4442
2397,4455
2403,4458
2410,4451
2432,4451
2435,4451
2450,4460
2460,4448
2471,4445
2486,4443
2498,4446
2496,4454
2519,4450
2510,4447
2538,4447
2539,4449
2559,4441
2563,4447
2568,4455
2583,4458
2599,4452
2597,4452
2602,4446
2622,4456
2637,4447
2645,4440
2656,4449
2657,4441
2663,4442
2673,4448
2684,4451
2694,4448
2716,4451
2720,4452
2720,4452
2743,4457
2749,4442
2767,4444
2762,4444
2789,4441
2790,4443
2808,4453
2811,4460
2815,4449
2831,4447
2845,4459
2852,4442
2861,4445
2867,4446
2889,4447
2895,4449
2904,4458
2908,4449
2922,4443
2936,4441
2940,4458
2944,4449
2959,4452
2967,4456
2975,4456
2987,4456
3006,4460
3014,4459
3029,4441
3023,4445
3048,4448
3043,4454
3058,4455
3075,4448
3084,4451
3100,4458
3105,4444
3116,4447
3120,4453
3120,4455
3135,4457
3156,4453
3152,4440
3161,4441
3190,4440
3183,4460
3197,4446
3215,4444
3216,4459
3227,4454
3232,4446
3240,4440
3269,4444
3278,4459
3276,4453
3297,4446
3309,4457
3319,4453
3321,4452
3328,4453
3339,4457
3345,4457
3359,4444
3374,4453
3387,4442
3385,4458
3402,4458
3405,4444
3424,4453
3430,4456
3440,4453
3454,4446
3450,4447
3460,4445
3481,4444
3486,4453
3493,4456
3520,4442
3518,4455
3537,4454
3542,4440
3552,4457
3553,4450
3566,4447
3581,4456
3587,4450
3594,4441
3606,4450
3617,4459
3638,4442
3633,4448
3648,4455
3651,4452
3662,4440
3675,4454
3692,4455
3693,4453
3701,4450
3728,4456
3724,4447
3737,4445
3751,4449
3757,4442
3763,4458
3790,4449
3795,4459
3796,4458
3802,4451
3816,4442
3834,4441
3831,4453
3857,4446
3868,4442
3872,4459
3874,4450
3889,4448
3910,4447
3910,4448
3922,4442
3925,4448
3941,4457
3951,4455
3957,4450
3977,4454
3976,4456
3997,4456
4004,4445
4001,4448
4011,4456
4023,4454
4048,4449
4056,4441
4056,4444
4077,4442
4075,4459
4099,4460
4109,4452
4108,4459
4118,4442
4131,4446
4138,4447
4149,4460
4166,4454
4176,4451
4190,4454
4187,4441
4209,4444
4212,4454
4225,4452
4231,4445
4236,4451
4241,4451
4268,4450
4278,4452
4286,4444
4284,4458
4301,4457
4316,4451
4321,4452
4323,4456
4335,4447
4344,4457
