500,250
508,253
519,240
527,242
532,248
560,253
550,257
568,256
589,251
598,251
601,258
602,252
616,252
640,240
641,259
648,259
650,253
675,240
687,244
681,254
695,259
716,252
723,245
723,241
744,243
756,260
768,247
774,243
783,251
793,249
801,260
809,252
827,259
829,240
847,256
845,249
866,248
880,259
876,255
899,248
908,240
915,256
917,244
920,245
943,250
950,251
968,254
966,242
975,256
995,253
1002,248
1006,256
1021,260
1028,243
1040,244
1042,259
1052,244
1078,240
1086,255
1091,256
1098,259
1106,247
1113,245
1127,242
1136,250
1141,250
1163,245
1172,248
1190,256
1194,243
1195,246
1205,249
1222,251
1237,250
1238,249
1247,241
1268,247
1261,259
1271,243
1290,248
1305,244
1309,245
1319,255
1339,252
1348,245
1357,252
1356,251
1380,251
1378,258
1389,252
1393,250
1411,241
1421,243
1436,255
1432,258
1450,253
1453,246
1461,242
1482,248
1497,247
1504,252
1507,244
1516,252
1522,250
1543,258
1547,241
1551,254
1579,240
1587,247
1596,241
1597,248
1611,252
1620,248
1632,247
1647,244
1647,241
1668,242
1662,256
1670,249
1683,258
1691,251
1717,258
1726,254
1739,246
1732,254
1745,259
1752,254
1778,253
1779,248
1789,251
1790,240
1805,240
1830,246
1826,248
1847,256
1852,248
1855,241
1880,255
1881,249
1899,257
1904,247
1907,260
1912,245
1929,255
1934,256
1951,250
1956,252
1960,247
1980,255
1989,244
2003,241
2012,249
2020,249
2032,252
2045,244
2058,243
2053,250
2066,251
2083,244
2085,246
2110,250
2115,253
2117,249
2124,254
2141,257
2140,252
2158,249
2179,247
2185,250
2181,249
2205,241
2208,247
2222,257
2225,253
2237,247
2240,256
2252,240
2263,244
2277,256
2295,247
2291,253
2306,251
2323,251
2321,241
2335,246
2354,255
2365,243
2371,246
2374,242
2385,259
2390,245
2409,242
2410,250
2431,260
2430,243
2459,256
2465,250
2476,246
2481,242
2482,246
2507,253
2506,264
2494,280
2499,285
2503,286
2508,303
2509,319
2509,319
2510,334
2510,339
2503,355
2508,356
2495,367
2498,381
2497,392
2500,402
2510,405
2494,420
2501,439
2507,439
2506,448
2505,466
2494,464
2500,478
2503,491
2506,492
2491,500
2496,514
2500,526
2492,536
2502,552
2507,562
2505,571
2496,574
2495,597
2496,594
2506,601
2493,617
2510,635
2501,635
2506,651
2492,656
2501,668
2494,682
2495,695
2506,709
2508,704
2507,717
2503,725
2509,734
2505,752
2500,765
2497,763
2505,779
2498,781
2490,797
2491,807
2503,822
2491,828
2501,843
2502,847
2490,860
2492,876
2505,885
2493,888
2503,901
2493,910
2508,919
2510,940
2497,937
2507,951
2508,970
2501,963
2509,972
2493,991
2505,1002
2497,1005
2505,1026
2510,1022
2496,1032
2503,1040
2495,1056
2506,1071
2499,1083
2493,1082
2496,1105
2509,1117
2508,1124
2499,1138
2507,1144
2499,1144
2500,1155
2499,1177
2509,1189
2493,1193
2504,1196
2509,1208
2500,1224
2503,1220
2500,1245
2503,1252
2506,1264
2502,1270
2494,1277
2498,1294
2508,1304
2504,1301
2509,1313
2501,1323
2496,1333
2505,1354
2504,1367
2493,1372
2490,1370
2502,1389
2503,1401
2503,1413
2507,1426
2491,1436
2492,1435
2501,1450
2495,1464
2505,1474
2509,1473
2502,1493
2502,1503
2495,1512
2490,1527
2497,1532
2503,1546
2509,1551
2494,1558
2495,1564
2494,1575
2490,1595
2509,1610
2494,1601
2495,1624
2505,1639
2490,1644
2508,1644
2495,1652
2509,1665
2499,1686
2490,1685
2501,1706
2506,1718
2491,1717
2508,1731
2499,1736
2492,1743
2490,1757
2492,1770
2501,1786
2492,1787
2501,1800
2504,1804
2493,1823
2501,1826
2504,1832
2498,1855
2491,1869
2506,1863
2503,1890
2492,1890
2498,1891
2491,1903
2505,1917
2507,1935
2497,1939
2496,1942
2506,1954
2501,1977
2500,1986
2504,1997
2506,1991
2498,2009
2501,2019
2497,2035
2497,2036
2499,2050
2504,2069
2501,2073
2494,2075
2510,2089
2503,2098
2492,2116
2491,2127
2490,2124
2500,2140
2507,2158
2492,2161
2497,2160
2494,2182
2508,2197
2505,2201
2509,2206
2510,2228
2508,2224
2497,2241
2491,2260
2502,2254
2506,2275
2501,2289
2494,2286
2497,2294
2497,2316
2491,2319
2507,2333
2502,2346
2496,2353
2507,2354
2496,2375
2496,2371
2498,2394
2498,2401
2496,2402
2490,2414
2493,2434
2508,2449
2510,2456
2498,2458
2492,2463
2492,2471
2490,2485
2510,2500
2498,2511
2501,2516
2507,2523
2491,2546
2505,2546
2503,2554
2505,2573
2497,2574
2492,2581
2497,2602
2510,2602
2507,2627
2498,2627
2496,2648
2498,2652
2504,2650
2490,2678
2496,2688
2500,2697
2508,2701
2504,2709
2498,2715
2496,2738
2501,2743
2496,2754
2506,2769
2501,2766
2506,2789
2505,2795
2492,2808
2500,2808
2501,2811
2508,2835
2509,2833
2505,2858
2490,2858
2509,2872
2495,2875
2491,2900
2502,2899
2495,2901
2503,2922
2492,2938
2510,2937
2492,2951
2508,2956
2508,2979
2506,2972
2506,2996
2491,2995
2491,3002
2510,3025
2491,3029
2505,3046
2494,3049
2493,3061
2507,3066
2508,3070
2497,3099
2493,3093
2510,3113
2496,3115
2500,3134
2505,3131
2501,3140
2497,3158
2491,3161
2490,3187
2491,3190
2496,3197
2507,3206
2501,3220
2508,3226
2502,3237
2501,3245
2507,3263
2504,3264
2501,3270
2492,3286
2501,3297
2498,3307
2508,3313
2509,3323
2498,3343
2506,3358
2498,3361
2510,3372
2498,3382
2499,3388
2508,3410
2506,3417
2497,3413
2502,3420
2499,3444
2501,3454
2504,3459
2507,3479
2493,3485
2504,3498
2506,3499
2503,3510
2504,3520
2507,3532
2497,3532
2498,3556
2502,3563
2499,3570
2495,3580
2510,3580
2509,3606
2503,3616
2493,3625
2500,3628
2496,3643
2500,3645
2492,3655
2506,3663
2505,3678
2493,3682
2491,3709
2492,3710
2508,3713
2502,3730
2495,3744
2506,3756
2490,3767
2501,3775
2497,3770
2497,3799
2508,3806
2504,3805
2492,3827
2507,3828
2504,3844
2495,3849
2499,3869
2507,3874
2491,3870
2493,3899
2495,3893
2505,3910
2510,3915
2496,3929
2492,3945
2508,3942
2509,3960
2507,3960
2491,3990
2504,3982
2495,3999
2498,4011
2496,4011
2494,4026
2492,4031
2507,4048
2495,4062
2495,4071
2504,4087
2499,4099
2490,4108
2500,4111
2497,4119
2500,4139
2502,4149
2502,4149
2499,4162
2490,4168
2503,4185
2498,4187
2499,4210
2495,4201
2496,4220
2496,4220
2497,4239
2503,4242
