250,250
248,283
316,226
259,230
297,283
316,266
287,256
353,231
331,297
300,258
391,303
336,226
409,250
353,221
424,303
404,272
467,311
427,275
409,284
420,278
496,297
481,317
510,275
516,265
512,256
501,260
547,308
546,264
592,301
615,237
552,273
609,257
620,243
664,334
660,272
600,330
678,266
683,295
659,276
662,301
669,326
708,251
672,307
752,314
736,333
732,287
753,278
786,342
757,305
752,338
810,295
791,306
829,288
869,275
815,342
819,299
871,271
859,312
867,323
898,273
933,288
896,331
950,312
912,364
975,346
981,325
982,369
971,344
994,359
967,362
1048,287
1038,324
1010,367
1104,284
1084,363
1104,290
1068,306
1090,344
1152,385
1135,364
1120,337
1132,298
1140,307
1116,380
1186,307
1184,323
1165,362
1242,302
1269,320
1260,353
1265,352
1220,379
1283,353
1268,309
1284,343
1327,401
1315,305
1336,396
1375,346
1331,349
1308,394
1340,403
1347,328
1380,399
1405,390
1455,352
1460,359
1475,322
1436,367
1417,384
1449,380
1478,417
1477,392
1543,348
1458,329
1501,325
1513,387
1502,360
1532,346
1564,365
1540,351
1552,378
1630,343
1599,346
1660,387
1661,354
1625,372
1596,335
1700,361
1664,427
1688,367
1717,362
1685,364
1713,375
1759,431
1709,432
1715,407
1799,427
1765,436
1776,413
1804,438
1801,373
1760,445
1833,409
1802,436
1841,381
1820,448
1823,432
1890,415
1894,438
1851,360
1888,432
1947,395
1936,421
1948,394
1922,413
1999,448
1962,451
2011,405
1983,370
2028,421
2044,436
1996,370
2035,420
2049,415
2026,448
2105,416
2057,456
2127,457
2113,458
2096,448
2153,408
2118,396
2200,418
2176,402
2163,457
2204,419
2174,437
2223,446
2177,395
2278,414
2203,411
2284,462
2309,462
2277,455
2281,438
2333,490
2267,416
2323,458
2292,484
2328,487
2329,440
2319,464
2346,404
2383,467
2369,439
2371,432
2378,473
2395,489
2457,452
2424,460
2417,498
2472,432
2524,493
2484,450
2503,457
2556,511
2570,457
2519,437
2554,434
2516,432
2523,436
2605,508
2637,502
2628,469
2627,486
2591,452
2643,520
2624,466
2687,478
2698,430
2675,463
2728,490
2680,509
2726,533
2749,472
2699,519
2713,454
2750,448
2731,522
2800,488
2763,461
2771,520
2771,529
2772,536
2785,471
2834,481
2860,465
2849,508
2850,480
2867,553
2850,516
2879,473
2928,533
2890,535
2935,472
2977,554
2923,462
3004,542
2977,498
2948,532
2976,484
2965,479
2987,515
3043,470
3061,529
3029,545
3033,490
3123,471
3124,551
3145,535
3117,539
3118,493
3146,480
3152,510
3133,534
3193,508
3217,537
3173,583
3239,547
3182,559
3257,558
3246,490
3225,548
3272,547
3267,509
3286,543
3283,520
3275,548
3334,587
3340,567
3367,516
3304,593
3378,509
3386,518
3428,527
3412,529
3366,519
3439,514
3461,571
3439,507
3444,506
3438,554
3497,532
3494,529
3503,563
3546,521
3462,516
3485,590
3551,577
3570,533
3545,582
3526,520
3589,578
3615,517
3635,595
3611,527
3627,593
3596,565
3647,558
3672,573
3630,542
3693,578
3734,555
3742,612
3707,574
3734,573
3698,540
3768,549
3799,533
3795,554
3726,584
3810,587
3796,584
3815,607
3773,561
3805,591
3833,577
3871,624
3859,584
3843,631
3861,632
3939,569
3857,588
3937,634
3959,557
3972,595
3922,614
3969,592
3990,652
3957,621
4042,650
4025,570
3985,622
4025,566
4003,601
4056,652
4047,628
4063,590
4080,598
4117,572
4097,586
4111,659
4085,640
4175,610
4120,623
4196,669
4215,664
4222,591
4206,650
4191,616
4165,651
4272,636
4221,626
4264,589
4295,582
4294,669
4292,620
4271,661
4258,612
4313,641
4286,673
4291,667
4321,617
4322,668
4414,643
4374,666
4386,656
4399,636
4380,651
4394,608
4464,655
4463,647
4400,705
4454,724
4381,676
4461,729
4400,775
4450,776
4432,758
4438,807
4434,769
4481,755
4482,814
4409,802
4445,769
4455,849
4404,820
4485,876
4461,844
4440,841
4420,889
4442,898
4412,911
4414,905
4455,931
4438,887
4458,920
4490,921
4505,968
4500,939
4486,1023
4465,1042
4495,968
4447,1058
4473,1005
4478,1077
4512,1097
4468,1105
4455,1112
4499,1068
4453,1093
4507,1112
4480,1143
4493,1172
4495,1158
4428,1198
4455,1213
4477,1138
4485,1235
4492,1155
4424,1199
4475,1247
4487,1184
4419,1193
4460,1164
4412,1204
4407,1209
4383,1183
4390,1197
4389,1208
4342,1212
4376,1253
4382,1256
4342,1238
4270,1190
4331,1218
4306,1180
4318,1237
4282,1262
4218,1250
4251,1188
4276,1268
4248,1189
4222,1206
4201,1252
4148,1233
4203,1242
4213,1236
4199,1255
4109,1209
4165,1257
4110,1286
4080,1237
4129,1276
4129,1225
4075,1209
4091,1243
4017,1204
4073,1267
3999,1274
4062,1254
4061,1283
4053,1283
4001,1278
4004,1215
3945,1275
4005,1295
3917,1294
3938,1221
3963,1258
3912,1294
3934,1252
3915,1257
3872,1249
3884,1240
3834,1217
3847,1242
3820,1295
3875,1266
3864,1278
3840,1280
3794,1280
3784,1289
3727,1227
3801,1311
3738,1235
3738,1305
3764,1233
3676,1331
3735,1303
3696,1295
3697,1262
3689,1244
3643,1322
3699,1247
3643,1265
3623,1264
3597,1303
3588,1265
3582,1321
3558,1251
3535,1254
3536,1294
3502,1245
3523,1296
3491,1333
3525,1332
3555,1314
3499,1345
3504,1261
3438,1332
3426,1299
3493,1308
3456,1324
3384,1277
3439,1328
3425,1274
3386,1259
3419,1274
3416,1330
3410,1309
3330,1299
3350,1333
3302,1276
3353,1272
3356,1362
3301,1326
3283,1367
3237,1317
3266,1351
3245,1316
3261,1288
3228,1325
3258,1304
3220,1290
3241,1340
3227,1371
3145,1312
3209,1314
3186,1316
3193,1329
3093,1330
3170,1326
3114,1300
3060,1373
3050,1334
3038,1317
3067,1347
3018,1366
3004,1347
3020,1335
3033,1291
2980,1309
2995,1313
2963,1317
2938,1336
3015,1297
2960,1322
2922,1363
2936,1381
2915,1345
2932,1344
2949,1375
2940,1310
2859,1314
2898,1319
2826,1364
2833,1352
2850,1389
2794,1392
2844,1358
2817,1377
2781,1312
2773,1393
2726,1403
2752,1327
2754,1341
2724,1373
2734,1356
2710,1390
2714,1381
2689,1358
2689,1327
2679,1370
2677,1384
2700,1416
2612,1392
2643,1373
2596,1369
2622,1402
2642,1341
2625,1363
2622,1378
2570,1345
2541,1426
2520,1386
2506,1403
2543,1377
2520,1427
2514,1420
2484,1433
2509,1370
2509,1365
2481,1420
2432,1358
2420,1398
2419,1424
2384,1416
2359,1365
2440,1423
2329,1400
2414,1384
2366,1447
2386,1385
2317,1402
2309,1400
2290,1433
2330,1376
2260,1372
2241,1438
2245,1381
2289,1422
2264,1416
2197,1460
2241,1417
2182,1367
2222,1436
2196,1428
2187,1373
2150,1404
2141,1380
2156,1383
2178,1393
2104,1432
2132,1376
2062,1475
2046,1425
2060,1438
2109,1437
2057,1408
2024,1431
2010,1436
2013,1435
2007,1403
1975,1480
2012,1394
1985,1458
2026,1405
1989,1471
1967,1434
1907,1481
1933,1405
1925,1458
1908,1406
1928,1471
1887,1435
1854,1498
1866,1479
1811,1482
1864,1418
1816,1502
1848,1431
1780,1412
1847,1466
1764,1436
1770,1436
1738,1502
1780,1432
1784,1474
1768,1472
1776,1515
1754,1447
1660,1485
1682,1433
1703,1477
1629,1471
1658,1446
1690,1502
1670,1460
1638,1456
1646,1493
1579,1488
1567,1515
1619,1445
1607,1475
1579,1501
1546,1504
1499,1529
1550,1453
1525,1450
1528,1494
1528,1512
1440,1498
1486,1491
1471,1465
1455,1539
1406,1445
1385,1458
1423,1488
1388,1543
1440,1544
1399,1472
1331,1455
1335,1478
1357,1454
1375,1477
1342,1548
1301,1469
1320,1462
1296,1484
1274,1460
1271,1554
1267,1490
1202,1554
1276,1516
1269,1535
1240,1515
1194,1490
1174,1521
1138,1521
1177,1560
1173,1492
1109,1518
1089,1489
1098,1488
1075,1552
1093,1552
1119,1536
1117,1479
1072,1558
1040,1486
1000,1572
1046,1482
1066,1581
1032,1528
1027,1536
997,1488
1013,1487
1014,1501
994,1514
970,1500
924,1584
916,1525
954,1589
916,1505
910,1533
912,1573
858,1546
859,1504
810,1548
880,1503
861,1539
852,1514
798,1525
779,1567
833,1569
771,1535
768,1591
731,1536
693,1579
738,1526
768,1604
696,1538
710,1604
643,1573
651,1520
655,1565
622,1597
691,1515
602,1567
673,1564
650,1541
643,1523
548,1582
625,1562
606,1525
547,1616
497,1610
534,1621
510,1554
554,1532
526,1576
466,1553
494,1616
482,1630
461,1570
467,1581
409,1610
465,1604
442,1561
448,1615
368,1636
379,1622
407,1586
376,1645
314,1555
352,1602
280,1648
345,1605
262,1597
343,1607
322,1618
278,1642
290,1640
273,1701
325,1647
292,1638
341,1678
329,1718
352,1672
290,1713
316,1756
349,1736
286,1712
311,1737
299,1780
337,1790
375,1780
350,1798
376,1822
317,1832
321,1803
349,1832
361,1910
372,1862
369,1895
288,1872
300,1863
372,1923
288,1924
325,1922
344,1984
386,1958
301,2024
354,2010
345,2037
294,1967
315,2062
379,2057
331,2026
346,2055
311,2074
314,2114
347,2138
326,2071
334,2069
373,2100
357,2128
326,2139
353,2133
351,2189
385,2122
386,2171
411,2203
393,2143
439,2191
483,2118
437,2135
502,2183
486,2190
480,2188
541,2144
512,2172
546,2150
527,2176
518,2125
583,2205
534,2202
594,2219
537,2149
550,2154
563,2174
587,2177
648,2183
592,2157
665,2159
659,2175
651,2207
681,2196
681,2211
662,2174
690,2159
704,2150
763,2177
700,2186
762,2182
734,2178
795,2191
768,2155
833,2205
811,2209
771,2181
842,2223
877,2176
863,2243
908,2230
852,2257
856,2194
879,2171
956,2230
922,2190
979,2196
950,2181
902,2256
973,2206
984,2211
1019,2207
966,2173
969,2186
1064,2173
983,2183
1083,2178
1037,2249
1078,2260
1053,2270
1128,2259
1056,2192
1132,2204
1158,2266
1093,2235
1109,2185
1181,2266
1138,2252
1180,2196
1149,2264
1179,2214
1201,2214
1231,2201
1189,2271
1226,2280
1273,2277
1280,2248
1312,2253
1263,2208
1297,2280
1308,2230
1346,2244
1376,2234
1387,2300
1374,2241
1401,2258
1400,2277
1362,2234
1351,2304
1439,2248
1434,2245
1475,2287
1419,2288
1439,2271
1450,2221
1470,2259
1494,2300
1469,2295
1451,2281
1533,2305
1543,2280
1485,2239
1551,2283
1581,2251
1561,2235
1548,2236
1542,2310
1594,2277
1635,2269
1668,2325
1662,2326
1673,2271
1651,2329
1704,2329
1710,2285
1654,2284
1649,2242
1669,2322
1763,2277
1705,2319
1782,2291
1762,2290
1791,2257
1793,2319
1767,2319
1837,2340
1777,2298
1826,2337
1795,2271
1864,2294
1853,2321
1855,2316
1857,2292
1913,2328
1903,2313
1857,2260
1892,2266
1945,2325
1962,2269
1960,2331
1938,2321
1968,2260
1943,2307
2012,2356
2031,2294
1990,2320
1988,2293
1995,2326
2060,2359
2072,2363
2085,2269
2114,2348
2123,2334
2084,2315
2066,2347
2158,2324
2128,2326
2109,2298
2196,2359
2139,2289
2172,2291
2182,2352
2176,2295
2239,2296
2253,2325
2213,2344
2287,2288
2278,2366
2225,2321
2249,2329
2277,2350
2322,2384
2353,2371
2372,2334
2338,2326
2317,2324
2392,2310
2325,2332
2412,2317
2431,2389
2434,2333
2372,2303
2453,2369
2433,2309
2438,2377
2460,2350
2501,2403
2520,2328
2463,2402
2468,2390
2514,2362
2522,2368
2491,2387
2572,2369
2551,2387
2525,2316
2545,2354
2611,2319
2619,2320
2636,2374
2598,2393
2665,2357
2610,2406
2619,2326
2673,2413
2655,2355
2690,2369
2704,2399
2701,2405
2686,2384
2763,2332
2748,2393
2701,2422
2801,2379
2797,2353
2776,2359
2789,2413
2785,2347
2817,2427
2796,2379
2796,2375
2839,2348
2878,2416
2869,2382
2858,2390
2884,2389
2915,2374
2957,2368
2925,2428
2924,2405
2976,2416
2916,2444
2990,2436
3011,2426
2979,2417
2964,2380
3049,2404
2987,2425
2989,2373
3089,2450
3096,2369
3013,2379
3094,2392
3114,2434
3042,2406
3126,2413
3066,2374
3154,2394
3131,2412
3130,2387
3160,2387
3149,2377
3212,2381
3167,2453
3246,2401
3228,2433
3216,2406
3268,2425
3292,2467
3242,2440
3245,2430
3255,2452
3262,2396
3334,2397
3277,2431
3277,2452
3346,2416
3344,2429
3360,2469
3415,2435
3331,2429
3371,2467
3417,2490
3446,2457
3471,2433
3432,2496
3463,2402
3467,2432
3495,2447
3528,2470
3513,2440
3470,2477
3540,2456
3495,2453
3489,2428
3538,2496
3608,2509
3536,2452
3566,2433
3634,2442
3624,2437
3619,2428
3602,2459
3649,2512
3640,2505
3700,2489
3637,2437
3731,2495
3680,2471
3706,2454
3684,2505
3723,2447
3706,2438
3745,2508
3748,2488
3728,2507
3784,2450
3778,2504
3809,2510
3813,2485
3781,2533
3804,2443
3835,2453
3877,2513
3836,2531
3855,2474
3904,2449
3879,2440
3910,2516
3972,2516
3975,2456
3902,2456
3987,2474
3935,2460
3931,2531
3976,2467
4027,2535
4029,2504
4007,2510
4020,2461
4066,2519
4056,2479
4080,2555
4080,2557
4074,2466
4087,2498
4112,2554
4121,2540
4151,2519
4099,2556
4150,2533
4163,2505
4207,2509
4212,2474
4224,2487
4247,2520
4238,2565
4283,2555
4217,2543
4224,2507
4305,2514
4245,2508
4293,2526
4316,2514
4332,2558
4314,2564
4352,2528
4350,2576
4319,2490
4385,2549
4356,2539
4374,2528
4375,2553
4417,2512
4371,2510
4421,2508
4432,2577
4489,2567
4483,2518
4467,2550
4513,2542
4484,2598
4543,2600
4497,2529
4570,2551
4516,2586
4515,2576
4585,2589
4541,2583
4528,2628
4527,2613
4547,2683
4580,2688
4531,2701
4591,2628
4525,2679
4576,2693
4509,2677
4524,2718
4571,2674
4561,2743
4586,2783
4585,2721
4550,2755
4552,2754
4558,2744
4583,2775
4560,2776
4588,2842
4581,2806
4600,2861
4587,2826
4594,2888
4527,2911
4608,2875
4576,2915
4610,2889
4536,2876
4539,2940
4542,2905
4601,2968
4562,2967
4537,2940
4537,3032
4608,3034
4580,3005
4555,3016
4620,3037
4529,3033
4584,3087
4587,3046
4558,3116
4602,3112
4625,3077
4613,3064
4559,3108
4517,3093
4523,3115
4545,3123
4480,3126
4553,3102
4550,3133
4527,3090
4483,3117
4478,3104
4421,3168
4417,3169
4454,3103
4402,3150
4456,3121
4392,3170
4372,3100
4347,3126
4402,3160
4339,3151
4349,3102
4297,3144
4366,3157
4296,3145
4303,3085
4250,3087
4283,3170
4293,3170
4281,3108
4260,3185
4217,3105
4215,3095
4210,3111
4256,3097
4198,3141
4154,3109
4152,3113
4136,3105
4169,3112
4132,3153
4084,3144
4151,3148
4087,3158
4071,3175
4050,3150
4124,3154
4109,3115
4081,3114
4017,3204
4022,3182
4002,3164
4030,3116
3990,3180
4015,3136
3991,3171
3994,3167
3952,3169
3965,3209
3949,3181
3911,3178
3927,3186
3898,3132
3935,3131
3843,3144
3825,3213
3900,3232
3847,3163
3861,3202
3805,3228
3804,3191
3792,3147
3833,3227
3830,3141
3752,3189
3722,3182
3790,3173
3767,3212
3769,3219
3753,3236
3739,3157
3670,3156
3633,3181
3694,3149
3651,3238
3673,3196
3585,3165
3619,3195
3628,3238
3609,3171
3640,3171
3618,3235
3615,3231
3579,3171
3538,3232
3540,3185
3494,3202
3542,3205
3546,3239
3479,3201
3521,3260
3477,3232
3478,3223
3405,3245
3410,3239
3446,3252
3434,3187
3369,3221
3430,3183
3337,3265
3330,3212
3412,3183
3319,3230
3387,3253
3339,3251
3298,3251
3347,3228
3288,3205
3238,3245
3298,3267
3258,3232
3216,3247
3245,3194
3236,3207
3206,3258
3161,3218
3220,3267
3151,3267
3202,3271
3122,3276
3109,3195
3095,3271
3092,3219
3110,3270
3144,3210
3065,3288
3055,3215
3092,3282
3108,3221
3078,3278
3039,3250
3033,3287
3016,3219
3047,3241
2975,3290
3008,3217
2932,3279
2962,3220
2965,3305
2909,3246
2899,3236
2888,3232
2885,3290
2944,3221
2924,3295
2844,3305
2868,3288
2890,3288
2815,3276
2886,3261
2814,3279
2835,3301
2797,3281
2790,3265
2819,3268
2798,3317
2776,3247
2758,3258
2757,3300
2733,3246
2703,3295
2685,3276
2720,3254
2667,3331
2722,3270
2650,3290
2688,3323
2606,3291
2664,3328
2574,3322
2558,3258
2585,3349
2536,3294
2549,3299
2593,3286
2505,3303
2555,3261
2528,3288
2484,3339
2529,3341
2539,3342
2465,3311
2484,3355
2513,3320
2428,3330
2411,3352
2427,3335
2435,3272
2457,3325
2418,3271
2402,3328
2372,3353
2336,3355
2353,3309
2340,3301
2357,3348
2352,3316
2277,3339
2291,3351
2260,3300
2299,3372
2285,3334
2220,3356
2208,3363
2212,3311
2179,3294
2210,3291
2202,3312
2238,3353
2145,3342
2148,3384
2191,3319
2117,3389
2137,3386
2144,3315
2150,3356
2140,3303
2064,3390
2037,3318
2053,3335
2078,3395
2031,3312
2022,3368
2036,3367
1995,3341
2013,3378
1970,3307
1952,3358
1944,3384
1931,3382
1972,3402
1977,3375
1970,3394
1875,3339
1865,3347
1899,3398
1905,3349
1838,3357
1891,3343
1898,3384
1831,3390
1793,3388
1874,3375
1798,3354
1805,3344
1784,3329
1790,3353
1729,3414
1772,3345
1720,3418
1783,3342
1732,3400
1735,3354
1664,3341
1670,3414
1713,3350
1668,3349
1612,3351
1638,3376
1628,3432
1666,3393
1575,3410
1578,3446
1549,3420
1572,3429
1581,3379
1561,3404
1563,3371
1537,3358
1537,3409
1513,3452
1457,3430
1503,3394
1445,3362
1512,3395
1450,3457
1466,3389
1437,3412
1433,3437
1421,3368
1398,3444
1409,3404
1363,3463
1352,3435
1336,3411
1331,3438
1303,3457
1317,3465
1274,3396
1326,3371
1300,3392
1322,3439
1230,3380
1221,3443
1254,3437
1207,3379
1182,3410
1224,3418
1217,3384
1213,3384
1141,3439
1192,3410
1136,3468
1185,3442
1148,3486
1168,3419
1069,3390
1099,3397
1121,3402
1059,3448
1112,3475
1083,3443
1052,3417
1078,3468
1067,3463
966,3396
1016,3417
1008,3413
998,3413
1014,3423
997,3458
943,3487
945,3434
942,3416
867,3497
907,3454
923,3498
878,3436
847,3493
867,3465
829,3412
866,3496
855,3432
859,3437
775,3446
746,3422
771,3474
769,3445
761,3436
706,3475
738,3468
770,3448
753,3471
725,3449
666,3475
666,3456
676,3524
623,3528
661,3464
619,3474
655,3525
664,3455
626,3522
555,3530
637,3455
561,3478
540,3520
572,3496
548,3476
576,3476
494,3459
469,3475
466,3476
471,3510
496,3483
437,3506
422,3475
462,3455
464,3464
444,3531
373,3477
379,3544
393,3505
423,3575
374,3554
367,3608
371,3566
388,3555
446,3641
465,3636
420,3647
429,3626
421,3639
410,3607
409,3709
430,3667
441,3730
468,3711
453,3713
456,3758
460,3689
450,3778
417,3737
407,3783
427,3769
485,3778
444,3805
409,3766
423,3810
473,3796
406,3876
449,3821
397,3849
405,3871
476,3935
397,3911
404,3890
442,3899
495,3893
402,3962
472,3976
427,3999
424,4004
444,4030
449,4017
476,3995
496,4047
430,4078
476,4013
508,4041
447,4083
490,4112
505,4097
460,4057
479,4058
492,4067
575,4028
525,4033
574,4042
525,4061
524,4111
585,4042
596,4035
641,4068
661,4035
647,4109
645,4089
646,4060
646,4110
669,4102
695,4070
690,4095
670,4120
725,4065
688,4064
698,4120
781,4066
797,4119
797,4102
814,4111
792,4092
760,4112
826,4110
789,4110
796,4125
822,4072
909,4054
884,4103
908,4087
849,4153
852,4095
882,4061
881,4091
938,4071
907,4093
972,4134
926,4086
953,4085
1012,4131
958,4128
1041,4150
994,4077
1051,4160
1040,4170
1026,4092
1032,4141
1108,4077
1100,4103
1112,4091
1105,4172
1165,4123
1138,4152
1137,4103
1176,4171
1184,4109
1170,4099
1182,4180
1233,4175
1195,4098
1193,4189
1246,4096
1215,4093
1274,4120
1316,4126
1235,4170
1338,4139
1290,4166
1312,4191
1312,4105
1311,4186
1370,4183
1373,4155
1364,4160
1362,4180
1408,4138
1445,4149
1378,4121
1443,4138
1444,4156
1467,4183
1498,4189
1516,4124
1464,4134
1531,4157
1492,4133
1462,4137
1494,4146
1494,4158
1564,4154
1556,4137
1576,4175
1615,4216
1566,4171
1583,4173
1561,4216
1663,4155
1675,4157
1636,4196
1630,4181
1701,4207
1637,4198
1700,4178
1648,4155
1693,4165
1701,4155
1693,4144
1777,4232
1719,4146
1725,4206
1769,4146
1806,4213
1746,4152
1796,4230
1846,4176
1800,4221
1845,4154
1890,4230
1890,4145
1832,4219
1832,4224
1897,4217
1914,4212
1934,4239
1894,4229
1936,4251
1948,4219
1973,4248
1937,4213
2016,4235
2020,4229
1986,4169
2032,4217
1975,4220
2075,4208
2071,4213
2099,4189
2089,4261
2113,4182
2104,4243
2126,4178
2144,4186
2133,4264
2105,4179
2100,4257
2143,4200
2119,4197
2178,4216
2196,4204
2221,4234
2212,4241
2214,4256
2185,4256
2274,4181
2264,4266
2266,4266
2241,4222
2299,4260
2341,4202
2307,4210
2315,4201
2311,4227
2372,4260
2380,4214
2360,4253
2361,4225
2343,4199
2394,4286
2375,4209
2375,4264
2466,4290
2390,4202
2429,4260
2420,4241
2479,4207
2484,4231
2536,4252
2492,4296
2562,4250
2491,4216
2581,4225
2521,4234
2523,4246
2608,4245
2581,4279
2561,4243
2617,4238
2569,4232
2597,4224
2601,4216
2690,4225
2664,4241
2716,4249
2703,4251
2696,4277
2655,4307
2733,4311
2691,4268
2742,4267
2760,4233
2781,4245
2768,4281
2774,4300
2747,4278
2805,4242
2806,4294
2862,4247
2798,4297
2831,4267
2891,4272
2829,4300
2893,4297
2909,4242
2925,4255
2879,4315
2883,4330
2955,4300
2989,4310
2935,4258
2968,4251
2929,4343
3035,4316
2974,4252
2977,4282
3003,4256
3008,4301
3037,4346
3012,4313
3023,4357
3054,4316
3098,4349
3086,4356
3114,4278
3126,4292
3138,4318
3086,4360
3159,4293
3179,4308
3191,4358
3194,4299
3148,4311
3246,4374
3199,4309
3211,4356
3187,4331
3253,4317
3288,4356
3249,4283
3283,4353
3273,4348
3338,4331
3279,4379
3293,4330
3380,4330
3326,4304
3328,4351
3358,4376
3376,4342
3387,4329
3434,4304
3428,4319
3433,4365
3442,4318
3447,4335
3427,4339
3493,4311
3445,4325
3441,4397
3527,4340
3550,4404
3473,4367
3494,4366
3571,4382
3574,4362
3579,4398
3547,4372
3595,4404
3565,4401
3662,4349
3578,4403
3679,4355
3606,4390
3609,4329
3628,4338
3701,4387
3740,4412
3684,4391
3680,4381
3740,4338
3748,4401
3720,4350
3743,4405
3790,4359
3763,4356
3769,4395
3805,4395
3857,4409
3787,4392
3830,4350
3803,4385
3895,4356
3897,4419
3884,4342
3870,4374
3898,4429
3887,4420
3890,4362
3947,4378
3907,4370
3978,4349
3977,4365
3941,4371
3991,4373
4000,4404
4052,4430
4054,4427
3995,4373
4062,4409
4026,4368
4016,4443
4082,4394
4038,4378
4081,4362
4086,4437
4151,4380
4112,4389
4139,4393
4172,4434
4162,4419
4221,4372
4196,4409
4204,4375
4167,4403
4224,4461
4226,4409
4250,4435
4296,4451
4276,4401
4262,4446
4266,4473
4309,4403
4351,4377
4274,4392
4349,4465
4319,4393
4394,4409
4330,4411
4338,4452
4431,4460
4436,4400
4402,4406
4445,4409
4391,4424
4431,4456
4414,4475
4465,4404
4453,4480
4485,4452
4541,4472
4501,4409
4519,4405
4533,4487
4491,4413
4509,4469
4603,4427
4541,4454
4584,4492
4598,4425
4640,4446
4627,4426
4668,4501
4644,4501
4605,4471
4643,4454
4600,4491
4681,4511
4647,4555
4668,4540
4652,4527
4671,4594
4671,4595
4636,4624
4678,4578
4681,4637
4644,4644
4688,4638
4683,4608
4682,4680
4653,4664
4637,4667
4691,4662
4677,4648
4663,4724
4665,4684
4631,4742
4642,4744
4661,4728
4627,4796
4682,4810
4629,4804
4653,4804
4689,4779
4654,4828
4696,4791
4660,4826
4708,4857
4682,4880
4700,4820
4653,4867
4673,4883
4643,4881
4692,4901
4640,4870
4644,4915
4684,4900
4650,4949
4652,4944
4655,4954
4683,5025
4719,4977
4643,5022
4677,5060
4710,4998
4668,5013
4702,4971
4695,5008
4622,4984
4630,4978
4587,5074
4555,5044
4581,5076
4594,4985
4612,5036
4515,5054
4549,5053
4521,5016
4553,5014
4536,5042
4524,5036
4439,5006
4491,5011
4445,5063
4415,5033
4472,5073
4411,5018
4463,5003
4432,5049
4434,5029
4369,5000
4364,5042
4379,5029
4403,5082
4376,5070
4299,5011
4316,5048
4321,5013
4269,5066
4263,5041
4329,5007
4244,5038
4262,5019
4203,5089
4197,5057
4269,5074
4203,5086
4211,5056
4153,5091
4177,5060
4146,5063
4196,5101
4165,5100
4106,5061
4103,5105
4078,5059
4156,5091
4066,5068
4093,5098
4045,5080
4016,5044
4016,5109
4012,5050
4033,5041
4012,5118
4033,5115
3950,5108
4012,5086
3982,5132
3917,5125
3996,5090
3968,5118
3891,5079
3881,5090
3890,5046
3854,5074
3877,5127
3834,5109
3824,5061
3874,5076
3836,5080
3821,5117
3781,5077
3798,5097
3827,5120
3756,5082
3772,5121
3787,5150
3784,5086
3785,5114
3729,5062
3760,5134
3755,5116
3654,5118
3697,5070
3628,5142
3699,5149
3650,5125
3613,5133
3666,5154
3599,5165
3649,5149
3624,5164
3554,5073
3624,5091
3593,5073
3576,5078
3559,5171
3523,5125
3480,5081
3467,5173
3476,5113
3502,5161
3430,5097
3454,5141
3499,5105
3441,5113
3447,5086
3423,5164
3414,5171
3354,5124
3433,5144
3331,5105
3361,5093
3375,5171
3328,5162
3336,5145
3322,5099
3347,5143
3313,5168
3277,5159
3291,5159
3243,5104
3248,5193
3226,5138
3230,5125
3242,5170
3192,5191
3174,5121
3188,5205
3215,5165
3164,5208
3132,5207
3103,5126
3156,5151
3172,5204
3102,5179
3129,5172
3128,5185
3069,5178
3087,5213
3073,5120
3102,5199
3078,5209
3030,5130
2988,5186
3019,5221
2978,5161
2979,5169
2957,5178
2914,5150
2908,5202
2958,5135
2979,5176
2876,5192
2957,5205
2890,5214
2876,5211
2885,5194
2829,5148
2905,5191
2851,5172
2846,5143
2834,5219
2832,5159
2840,5147
2744,5206
2819,5210
2761,5151
2792,5230
2727,5216
2746,5152
2677,5250
2750,5223
2670,5218
2696,5201
2701,5236
2649,5240
2698,5221
2686,5232
2677,5166
2633,5247
2594,5246
2630,5187
2622,5171
2624,5183
2598,5230
2592,5176
2560,5200
2511,5185
2489,5237
2532,5198
2468,5214
2507,5206
2440,5213
2438,5203
2455,5201
2407,5218
2440,5244
2462,5268
2403,5193
2383,5229
2418,5254
2370,5260
2405,5256
2386,5210
2397,5194
2358,5213
2312,5208
2284,5265
2338,5200
2319,5216
2242,5245
2321,5240
2275,5231
2218,5198
2269,5254
2194,5260
2210,5206
2212,5268
2159,5272
2171,5203
2151,5295
2182,5283
2180,5284
2151,5222
2089,5249
2081,5298
2108,5287
2074,5247
2072,5228
2122,5230
2063,5262
2018,5230
2006,5312
2063,5265
2075,5286
2059,5318
2037,5280
1999,5291
1975,5289
1982,5245
1967,5255
1914,5281
1968,5305
1891,5251
1890,5265
1937,5261
1934,5303
1894,5235
1917,5252
1855,5258
1816,5285
1822,5310
1879,5311
1783,5341
1772,5320
1843,5293
1805,5310
1781,5309
1734,5256
1765,5317
1750,5265
1740,5304
1739,5258
1686,5342
1661,5254
1703,5276
1685,5287
1618,5261
1692,5260
1650,5309
1671,5287
1597,5329
1559,5299
1584,5353
1567,5285
1529,5361
1557,5336
1556,5311
1512,5350
1561,5334
1534,5360
1537,5327
1496,5273
1524,5300
1463,5331
1459,5292
1412,5294
1451,5368
1444,5293
1443,5338
1455,5345
1372,5323
1428,5295
1405,5314
1354,5292
1371,5355
1322,5333
1338,5316
1279,5297
1323,5317
1291,5317
1237,5324
1270,5370
1224,5357
1274,5294
1209,5352
1237,5391
1192,5308
1244,5372
1162,5357
1154,5398
1208,5384
1136,5308
1182,5319
1159,5299
1086,5341
1159,5333
1067,5306
1119,5330
1122,5320
1117,5394
1023,5366
1050,5359
1086,5379
1025,5393
1025,5326
1001,5389
984,5404
987,5394
949,5414
935,5402
936,5405
951,5394
958,5357
908,5368
895,5348
915,5382
909,5350
844,5394
849,5344
856,5356
848,5398
790,5403
777,5366
773,5415
777,5428
766,5410
759,5360
797,5385
756,5437
703,5404
759,5361
676,5393
746,5365
676,5435
654,5400
640,5415
646,5428
690,5434
669,5394
682,5431
592,5360
590,5421
591,5426
571,5372
553,5363
617,5436
604,5428
594,5446
564,5423
492,5364
551,5433
481,5399
512,5436
502,5447
568,5423
526,5459
500,5491
496,5445
573,5521
529,5505
550,5525
524,5493
576,5522
552,5524
559,5527
532,5625
539,5562
510,5570
535,5654
561,5581
521,5633
561,5610
548,5643
559,5692
575,5628
505,5699
530,5731
593,5678
583,5707
522,5691
565,5783
574,5709
578,5764
566,5822
573,5803
522,5777
556,5832
523,5857
571,5791
537,5863
557,5863
516,5867
558,5918
591,5909
607,5854
584,5882
579,5957
541,5926
583,5910
583,5975
547,5940
577,5940
628,5960
614,5996
574,5936
641,5927
641,5957
600,5940
631,5976
636,5963
652,5971
706,5988
682,5966
670,5935
767,5954
709,6003
732,5999
741,5942
795,5940
801,5952
826,6036
828,6034
822,6022
804,5952
795,6039
886,5965
838,5966
833,6028
843,5953
910,6037
854,5956
906,5968
938,6041
913,5973
899,6039
944,5957
945,5987
1009,5972
1012,5964
958,6050
1041,5970
1032,6053
990,6064
994,5996
1099,6045
1083,6060
1118,5998
1088,5970
1064,6023
1139,6067
1145,6025
1122,5991
1126,5991
1115,5990
1184,6058
1166,6033
1183,6006
1213,6042
1221,6022
1262,6002
1182,5987
1207,6019
1221,5986
1258,6018
1294,6040
1281,6020
1282,5997
1279,6037
1298,6089
1301,6026
1356,6030
1317,6001
1334,6002
1394,6014
1418,6024
1384,6067
1444,6023
1455,6052
1462,6041
1471,6040
1422,6056
1467,6062
1471,6099
1497,6063
1506,6014
1547,6105
1482,6027
1488,6050
1514,6013
1596,6016
1544,6104
1529,6080
1613,6062
1567,6094
1559,6046
1636,6072
1659,6054
1626,6027
1611,6073
1613,6069
1635,6086
1639,6038
1705,6079
1713,6064
1693,6110
1761,6102
1753,6029
1756,6047
1780,6078
1803,6064
1799,6093
1760,6128
1840,6054
1854,6105
1854,6129
1807,6134
1893,6089
1888,6122
1848,6054
1863,6066
1913,6107
1856,6055
1926,6144
1878,6133
1969,6048
1965,6112
1999,6074
1975,6067
1993,6070
2010,6115
1973,6146
2012,6113
2065,6134
2059,6056
2023,6083
2067,6153
2093,6104
2119,6070
2123,6134
2069,6090
2150,6099
2164,6115
2177,6084
2168,6100
2169,6111
2160,6144
2143,6074
2182,6108
2192,6141
2182,6157
2230,6121
2233,6104
2287,6162
2282,6162
2223,6110
2306,6177
2275,6145
2259,6124
2314,6125
2297,6151
2286,6142
2354,6101
2320,6088
2356,6146
2363,6150
2343,6137
2354,6122
2407,6120
2379,6126
2391,6161
2425,6118
2463,6123
2418,6177
2428,6164
2504,6117
2538,6197
2480,6145
2466,6121
2531,6200
2577,6200
2549,6180
2566,6171
2583,6122
2571,6203
2636,6171
2635,6114
2624,6114
2664,6152
2678,6152
2635,6141
2674,6160
2687,6124
2688,6211
2681,6157
2715,6120
2705,6214
2679,6203
2705,6216
2720,6154
2789,6125
2771,6177
2809,6200
2764,6146
2816,6195
2847,6177
2839,6165
2866,6200
2880,6229
2849,6174
2832,6176
2835,6206
2887,6188
2893,6165
2900,6203
2896,6164
2964,6213
2954,6220
2910,6230
3006,6188
2968,6160
3031,6154
2993,6221
3029,6148
3032,6178
3009,6241
3060,6236
3070,6194
3079,6214
3107,6246
3072,6207
3111,6257
3065,6192
3146,6167
3157,6174
3131,6257
3113,6242
3138,6172
3206,6224
3125,6191
3230,6241
3192,6256
3235,6246
3206,6261
3229,6194
3203,6209
3258,6202
3215,6198
3232,6227
3293,6232
3288,6205
3256,6265
3322,6233
3360,6274
3298,6187
3308,6190
3376,6275
3356,6236
3340,6250
3441,6262
3411,6254
3373,6205
3386,6234
3477,6201
3494,6259
3446,6291
3460,6257
3467,6282
3491,6285
3539,6238
3507,6288
3520,6210
3530,6245
3521,6279
3594,6244
3610,6244
3610,6300
3558,6299
3570,6258
3604,6262
3646,6300
3683,6295
3628,6258
3653,6313
3656,6310
3655,6257
3650,6240
3706,6240
3695,6292
3701,6277
3700,6319
3772,6309
3715,6249
3805,6262
3836,6289
3799,6314
3829,6230
3843,6301
3835,6264
3806,6319
3823,6324
3821,6271
3919,6235
3927,6332
3914,6312
3943,6314
3924,6286
3910,6317
3934,6283
4001,6250
3922,6319
3933,6315
3972,6323
4039,6309
3972,6278
3980,6293
4062,6329
4075,6290
3999,6278
4012,6341
4084,6292
4053,6321
4119,6298
4062,6261
4093,6307
4163,6295
4114,6312
4185,6270
4174,6273
4217,6328
4206,6322
4230,6340
4233,6334
4183,6306
4214,6304
4226,6308
4231,6347
4309,6338
4227,6327
4324,6287
4276,6288
4332,6271
4298,6298
4343,6308
4364,6311
4310,6346
4315,6364
4362,6286
4398,6360
4359,6288
4394,6289
4431,6341
4427,6340
4409,6340
4472,6357
4507,6361
4472,6314
4475,6361
4537,6384
4545,6375
4551,6356
4505,6343
4506,6300
4591,6383
4549,6343
4567,6362
4527,6324
4615,6347
4646,6320
4641,6396
4579,6319
4626,6314
4647,6353
4695,6360
4701,6342
4715,6346
4701,6393
4650,6348
4759,6345
4710,6403
4760,6380
4704,6338
4709,6424
4742,6418
4768,6435
4714,6418
4795,6462
4772,6415
4799,6406
4795,6447
4751,6514
4714,6509
4749,6474
4804,6493
4774,6550
4755,6513
4801,6531
4718,6524
4744,6511
4788,6552
4793,6604
4775,6612
4742,6569
4785,6569
4781,6608
4730,6654
4795,6679
4782,6667
4770,6687
4810,6722
4789,6649
4749,6732
4798,6700
4747,6728
4772,6703
4737,6765
4737,6743
4810,6744
4779,6752
4817,6833
4787,6789
4767,6832
4753,6773
4807,6785
4753,6848
4816,6869
4834,6910
4840,6925
4837,6868
4824,6850
4831,6906
4835,6967
4773,6952
4744,6940
4755,6907
4786,6896
4699,6926
4742,6926
4733,6920
4681,6944
4744,6970
4730,6964
4691,6949
4665,6947
4682,6904
4593,6952
4650,6919
4600,6910
4654,6948
4638,6937
4544,6965
4565,6982
4568,6925
4519,6939
4555,6894
4534,6933
4486,6974
4499,6958
4529,6910
4459,6942
4453,6915
4481,6943
4452,6956
4472,6909
4401,6910
4467,6996
4440,6979
4354,6987
4423,6940
4359,6961
4321,7012
4329,7010
4314,6930
4330,7002
4370,6944
4281,6969
4289,6983
4240,7004
4258,6939
4237,6967
4216,6947
4287,6981
4220,6934
4177,6969
4196,7016
4168,6978
4162,7016
4163,6989
4175,7026
4199,7008
4196,6957
4115,6936
4121,7031
4155,6962
4138,6967
4131,6980
4078,6953
4095,7018
4045,6998
4018,6970
4062,7002
4034,7009
4021,6991
4008,7043
3973,7051
3948,6966
3969,7049
4003,7021
3929,6978
3975,7057
3954,7007
3878,7015
3909,6961
3937,7038
3872,7056
3874,7059
3898,7055
3895,7046
3802,6973
3815,7023
3778,6993
3785,7011
3761,6996
3810,6976
3811,7002
3728,7026
3719,7059
3695,7001
3744,7060
3731,7059
3677,6992
3672,7074
3679,7035
3684,7008
3663,7006
3661,7044
3610,7000
3627,7067
3598,7057
3585,7077
3568,7081
3543,7048
3538,7041
3590,6994
3538,7001
3563,7013
3552,7067
3556,7006
3554,7079
3484,7091
3507,7088
3498,7093
3488,7052
3468,7030
3431,7087
3415,7077
3392,7067
3383,7061
3394,7048
3419,7088
3345,7074
3328,7008
3398,7086
3362,7033
3316,7043
3339,7051
3309,7088
3339,7031
3313,7058
3261,7057
3248,7064
3220,7056
3264,7036
3256,7021
3221,7060
3204,7119
3252,7073
3158,7081
3170,7033
3155,7084
3123,7117
3105,7050
3092,7122
3090,7076
3147,7060
3066,7113
3077,7092
3060,7068
3049,7132
3024,7122
3077,7107
3042,7067
2992,7111
3043,7111
3049,7061
3026,7118
2984,7106
2995,7056
2984,7116
2901,7087
2966,7116
2882,7080
2934,7136
2924,7069
2925,7129
2910,7118
2845,7073
2882,7140
2870,7116
2837,7149
2865,7070
2785,7101
2783,7145
2814,7145
2743,7158
2786,7099
2757,7069
2770,7143
2708,7139
2773,7134
2682,7111
2747,7131
2719,7073
2720,7150
2682,7153
2703,7154
2647,7173
2658,7147
2587,7088
2636,7098
2627,7148
2613,7159
2580,7160
2577,7170
2599,7086
2561,7085
2528,7104
2514,7108
2488,7185
2552,7158
2472,7119
2535,7144
2480,7165
2483,7110
2416,7110
2464,7176
2448,7147
2455,7139
2429,7168
2374,7130
2389,7111
2358,7113
2375,7129
2401,7168
2370,7135
2381,7189
2331,7109
2366,7180
2292,7135
2301,7147
2301,7204
2278,7211
2273,7134
2284,7136
2214,7127
2222,7179
2245,7124
2211,7125
2222,7124
2179,7190
2184,7224
2211,7210
2136,7200
2133,7194
2093,7210
2113,7182
2087,7155
2084,7187
2080,7144
2093,7186
2021,7182
2049,7169
2016,7220
2085,7192
2027,7220
1970,7185
1971,7143
2002,7150
2016,7217
1997,7239
1989,7200
1900,7173
1926,7163
1890,7223
1931,7202
1929,7243
1841,7206
1837,7180
1820,7239
1808,7218
1891,7231
1884,7161
1844,7212
1842,7239
1824,7193
1781,7226
1735,7220
1728,7172
1775,7239
1735,7263
1751,7237
1704,7172
1730,7210
1717,7221
1679,7235
1697,7214
1717,7189
1706,7238
1661,7179
1631,7235
1594,7225
1617,7254
1620,7269
1549,7200
1572,7254
1535,7212
1554,7217
1535,7204
1555,7250
1548,7219
1507,7232
1470,7252
1528,7189
1460,7201
1448,7249
1424,7249
1459,7256
1471,7238
1472,7267
1373,7291
1430,7283
1416,7293
1366,7231
1387,7273
1368,7286
1300,7204
1333,7293
1334,7265
1361,7293
1351,7302
1340,7267
1241,7280
1266,7241
1269,7299
1250,7258
1255,7305
1236,7228
1201,7302
1184,7264
1179,7295
1191,7218
1171,7234
1110,7283
1101,7306
1134,7278
1153,7299
1165,7286
1154,7258
1118,7268
1047,7244
1048,7223
1055,7225
1006,7293
998,7232
1057,7293
1008,7273
975,7283
1004,7304
1014,7288
936,7314
949,7248
933,7319
942,7287
927,7275
917,7285
949,7261
847,7241
925,7257
826,7273
859,7272
811,7337
890,7329
792,7325
797,7259
788,7310
843,7299
778,7346
811,7327
756,7340
783,7260
710,7268
755,7346
719,7316
663,7301
747,7284
735,7342
639,7351
662,7280
606,7280
669,7344
666,7276
660,7311
597,7291
618,7298
612,7308
664,7340
607,7422
578,7367
618,7396
610,7389
627,7419
647,7438
680,7435
653,7490
654,7445
602,7483
639,7451
606,7476
626,7478
690,7507
607,7504
620,7575
642,7542
610,7526
657,7588
622,7604
630,7559
690,7619
608,7569
636,7629
700,7590
642,7675
610,7638
634,7709
648,7702
625,7663
648,7681
624,7769
658,7722
695,7776
612,7768
615,7791
646,7820
687,7773
650,7795
636,7811
647,7822
701,7835
711,7826
636,7877
703,7827
636,7870
719,7900
738,7840
683,7907
723,7930
711,7836
781,7883
788,7841
786,7929
764,7896
743,7915
784,7869
823,7913
782,7903
851,7848
856,7915
874,7855
824,7907
893,7945
934,7907
898,7859
957,7941
943,7880
941,7932
989,7912
903,7870
972,7875
981,7903
984,7915
981,7935
967,7920
1036,7928
1002,7940
993,7896
1048,7867
1109,7926
1119,7918
1068,7939
1123,7891
1097,7924
1149,7885
1164,7965
1179,7951
1153,7875
1199,7927
1142,7883
1204,7894
1185,7931
1184,7881
1234,7909
1277,7895
1265,7914
1268,7886
1264,7911
1246,7974
1325,7967
1312,7891
1262,7905
1342,7969
1329,7934
1342,7912
1370,7989
1375,7930
1336,7930
1406,7986
1418,7987
1351,7978
1445,7945
1397,7980
1467,7974
1446,7962
1492,7980
1459,7945
1434,7994
1528,7916
1541,8001
1551,7992
1510,7983
1567,7991
1594,7984
1531,7965
1604,7950
1588,7925
1605,8003
1641,8006
1567,7926
1620,7954
1680,7929
1614,8007
1648,7933
1695,7964
1668,8001
1726,7935
1696,8008
1734,8003
1684,7978
1683,7952
1792,7978
1800,7981
1802,7937
1807,7940
1806,7939
1757,7986
1809,7966
1820,7957
1846,8008
1866,7942
1823,7989
1823,7975
1867,7981
1850,7983
1913,7971
1864,8020
1913,8014
1969,7960
1977,8012
1980,8046
1962,7984
2016,7974
1967,7967
1999,7976
2023,7967
2015,8003
2003,7980
2050,8019
2046,7982
2040,8049
2116,8035
2038,7961
2079,8010
2074,8019
2128,7985
2134,8051
2121,8037
2109,8011
2124,8018
2147,8037
2141,8009
2203,7983
2180,8062
2237,8052
2251,8027
2258,8065
2290,8044
2259,8051
2255,8005
2282,8056
2295,8012
2274,8035
2292,8013
2356,8004
2361,8050
2390,8007
2308,8056
2361,8007
2347,8053
2357,7988
2451,7989
2428,7999
2456,8007
2468,8061
2404,8019
2454,8052
2430,8051
2446,8048
2451,8015
2520,8074
2483,8020
2474,8073
2480,8053
2497,8067
2563,8046
2537,8018
2602,8068
2536,8079
2619,8041
2600,8085
2612,8100
2629,8033
2597,8027
2658,8113
2638,8087
2667,8036
2682,8044
2655,8041
2716,8037
2749,8069
2719,8053
2742,8081
2796,8113
2736,8102
2757,8122
2817,8125
2801,8067
2802,8094
2855,8110
2851,8116
2806,8099
2866,8074
2828,8106
2836,8058
2847,8069
2905,8118
2931,8050
2943,8039
2915,8101
2939,8095
2966,8038
2966,8084
3005,8137
2949,8117
3001,8136
2995,8052
3061,8077
2984,8061
3067,8127
3053,8079
3009,8111
3096,8120
3112,8140
3128,8068
3103,8065
3108,8114
3114,8095
3179,8122
3190,8116
3146,8141
3204,8104
3201,8096
3224,8126
3217,8147
3192,8160
3220,8103
3231,8146
3207,8082
3279,8081
3298,8094
3313,8077
3322,8140
3253,8113
3294,8110
3268,8167
3348,8082
3349,8147
3395,8142
3367,8106
3408,8171
3330,8151
3408,8132
3405,8131
3399,8188
3403,8116
3403,8136
3443,8141
3494,8186
3463,8161
3506,8182
3529,8123
3540,8149
3539,8190
3553,8120
3552,8111
3506,8148
3536,8134
3566,8164
3597,8171
3565,8161
3640,8194
3654,8146
3650,8140
3610,8162
3653,8114
3696,8116
3620,8197
3682,8141
3700,8205
3745,8129
3711,8167
3745,8144
3701,8182
3717,8181
3726,8131
3768,8140
3762,8142
3775,8148
3847,8213
3856,8158
3864,8181
3792,8215
3846,8151
3892,8184
3888,8216
3902,8193
3929,8147
3927,8160
3864,8148
3970,8218
3896,8229
3921,8186
3962,8162
3945,8209
3987,8186
4022,8149
3972,8182
4003,8154
4070,8154
4069,8187
4066,8223
4082,8197
4064,8171
4075,8246
4060,8154
4120,8188
4119,8171
4139,8232
4177,8235
4123,8194
4170,8197
4118,8227
4165,8164
4152,8160
4154,8164
4162,8182
4213,8162
4203,8223
4261,8231
4288,8184
4224,8195
4243,8198
4330,8225
4266,8226
4307,8203
4319,8255
4375,8173
4317,8178
4389,8249
4388,8257
4391,8248
4366,8220
4390,8229
4413,8212
4433,8274
4460,8206
4455,8233
4417,8187
4433,8234
4510,8211
4438,8221
4513,8278
4469,8223
4499,8237
4542,8193
4521,8194
4503,8205
4595,8203
4623,8275
4578,8267
4554,8238
4652,8279
4642,8286
4640,8225
4668,8260
4624,8302
4685,8220
4639,8281
4651,8295
4643,8210
4706,8219
4756,8295
4684,8306
4735,8216
4712,8246
4810,8266
4739,8311
4781,8276
4820,8276
4756,8258
4805,8279
4792,8288
4811,8233
4859,8244
