250,250
260,250
270,250
280,250
290,250
300,250
310,250
320,250
330,250
340,250
350,250
360,250
370,250
380,250
390,250
400,250
410,250
420,250
430,250
440,250
450,250
460,250
470,250
480,250
490,250
500,250
510,250
520,250
530,250
540,250
550,250
560,250
570,250
580,250
590,250
600,250
610,250
620,250
630,250
640,250
650,250
660,250
670,250
680,250
690,250
700,250
710,250
720,250
730,250
740,250
750,250
760,250
770,250
780,250
790,250
800,250
810,250
820,250
830,250
840,250
850,250
860,250
870,250
880,250
890,250
900,250
910,250
920,250
930,250
940,250
950,250
960,250
970,250
980,250
990,250
1000,250
1010,250
1020,250
1030,250
1040,250
1050,250
1060,250
1070,250
1080,250
1090,250
1100,250
1110,250
1120,250
1130,250
1140,250
1150,250
1160,250
1170,250
1180,250
1190,250
1200,250
1210,250
1220,250
1230,250
1240,250
1250,250
1260,250
1270,250
1280,250
1290,250
1300,250
1310,250
1320,250
1330,250
1340,250
1350,250
1360,250
1370,250
1380,250
1390,250
1400,250
1410,250
1420,250
1430,250
1440,250
1450,250
1460,250
1470,250
1480,250
1490,250
1500,250
1510,250
1520,250
1530,250
1540,250
1550,250
1560,250
1570,250
1580,250
1590,250
1600,250
1610,250
1620,250
1630,250
1640,250
1650,250
1660,250
1670,250
1680,250
1690,250
1700,250
1710,250
1720,250
1730,250
1740,250
1750,250
1760,250
1770,250
1780,250
1790,250
1800,250
1810,250
1820,250
1830,250
1840,250
1850,250
1860,250
1870,250
1880,250
1890,250
1900,250
1910,250
1920,250
1930,250
1940,250
1950,250
1960,250
1970,250
1980,250
1990,250
2000,250
2010,250
2020,250
2030,250
2040,250
2050,250
2060,250
2070,250
2080,250
2090,250
2100,250
2110,250
2120,250
2130,250
2140,250
2150,250
2160,250
2170,250
2180,250
2190,250
2200,250
2210,250
2220,250
2230,250
2240,250
2250,250
2260,250
2270,250
2280,250
2290,250
2300,250
2310,250
2320,250
2330,250
2340,250
2350,250
2360,250
2370,250
2380,250
2390,250
2400,250
2410,250
2420,250
2430,250
2440,250
2450,250
2460,250
2470,250
2480,250
2490,250
2500,250
2510,250
2520,250
2530,250
2540,250
2550,250
2560,250
2570,250
2580,250
2590,250
2600,250
2610,250
2620,250
2630,250
2640,250
2650,250
2660,250
2670,250
2680,250
2690,250
2700,250
2710,250
2720,250
2730,250
2740,250
2750,250
2760,250
2770,250
2780,250
2790,250
2800,250
2810,250
2820,250
2830,250
2840,250
2850,250
2860,250
2870,250
2880,250
2890,250
2900,250
2910,250
2920,250
2930,250
2940,250
2950,250
2960,250
2970,250
2980,250
2990,250
3000,250
3010,250
3020,250
3030,250
3040,250
3050,250
3060,250
3070,250
3080,250
3090,250
3100,250
3110,250
3120,250
3130,250
3140,250
3150,250
3160,250
3170,250
3180,250
3190,250
3200,250
3210,250
3220,250
3230,250
3240,250
3250,250
3260,250
3270,250
3280,250
3290,250
3300,250
3310,250
3320,250
3330,250
3340,250
3350,250
3360,250
3370,250
3380,250
3390,250
3400,250
3410,250
3420,250
3430,250
3440,250
3450,250
3460,250
3470,250
3480,250
3490,250
3500,250
3510,250
3520,250
3530,250
3540,250
3550,250
3560,250
3570,250
3580,250
3590,250
3600,250
3610,250
3620,250
3630,250
3640,250
3650,250
3660,250
3670,250
3680,250
3690,250
3700,250
3710,250
3720,250
3730,250
3740,250
3750,250
3760,250
3770,250
3780,250
3790,250
3800,250
3810,250
3820,250
3830,250
3840,250
3850,250
3860,250
3870,250
3880,250
3890,250
3900,250
3910,250
3920,250
3930,250
3940,250
3950,250
3960,250
3970,250
3980,250
3990,250
4000,250
4010,250
4020,250
4030,250
4040,250
4050,250
4050,260
4050,270
4050,280
4050,290
4050,300
4050,310
4050,320
4050,330
4050,340
4050,350
4050,360
4050,370
4050,380
4050,390
4050,400
4050,410
4050,420
4050,430
4050,440
4050,450
4050,460
4050,470
4050,480
4050,490
4050,500
4050,510
4050,520
4050,530
4050,540
4050,550
4050,560
4050,570
4050,580
4050,590
4050,600
4050,610
4050,620
4050,630
4050,640
4050,650
4050,660
4050,670
4050,680
4050,690
4050,700
4050,710
4050,720
4050,730
4050,740
4050,750
4040,750
4030,750
4020,750
4010,750
4000,750
3990,750
3980,750
3970,750
3960,750
3950,750
3940,750
3930,750
3920,750
3910,750
3900,750
3890,750
3880,750
3870,750
3860,750
3850,750
3840,750
3830,750
3820,750
3810,750
3800,750
3790,750
3780,750
3770,750
3760,750
3750,750
3740,750
3730,750
3720,750
3710,750
3700,750
3690,750
3680,750
3670,750
3660,750
3650,750
3640,750
3630,750
3620,750
3610,750
3600,750
3590,750
3580,750
3570,750
3560,750
3550,750
3540,750
3530,750
3520,750
3510,750
3500,750
3490,750
3480,750
3470,750
3460,750
3450,750
3440,750
3430,750
3420,750
3410,750
3400,750
3390,750
3380,750
3370,750
3360,750
3350,750
3340,750
3330,750
3320,750
3310,750
3300,750
3290,750
3280,750
3270,750
3260,750
3250,750
3240,750
3230,750
3220,750
3210,750
3200,750
3190,750
3180,750
3170,750
3160,750
3150,750
3140,750
3130,750
3120,750
3110,750
3100,750
3090,750
3080,750
3070,750
3060,750
3050,750
3040,750
3030,750
3020,750
3010,750
3000,750
2990,750
2980,750
2970,750
2960,750
2950,750
2940,750
2930,750
2920,750
2910,750
2900,750
2890,750
2880,750
2870,750
2860,750
2850,750
2840,750
2830,750
2820,750
2810,750
2800,750
2790,750
2780,750
2770,750
2760,750
2750,750
2740,750
2730,750
2720,750
2710,750
2700,750
2690,750
2680,750
2670,750
2660,750
2650,750
2640,750
2630,750
2620,750
2610,750
2600,750
2590,750
2580,750
2570,750
2560,750
2550,750
2540,750
2530,750
2520,750
2510,750
2500,750
2490,750
2480,750
2470,750
2460,750
2450,750
2440,750
2430,750
2420,750
2410,750
2400,750
2390,750
2380,750
2370,750
2360,750
2350,750
2340,750
2330,750
2320,750
2310,750
2300,750
2290,750
2280,750
2270,750
2260,750
2250,750
2240,750
2230,750
2220,750
2210,750
2200,750
2190,750
2180,750
2170,750
2160,750
2150,750
2140,750
2130,750
2120,750
2110,750
2100,750
2090,750
2080,750
2070,750
2060,750
2050,750
2040,750
2030,750
2020,750
2010,750
2000,750
1990,750
1980,750
1970,750
1960,750
1950,750
1940,750
1930,750
1920,750
1910,750
1900,750
1890,750
1880,750
1870,750
1860,750
1850,750
1840,750
1830,750
1820,750
1810,750
1800,750
1790,750
1780,750
1770,750
1760,750
1750,750
1740,750
1730,750
1720,750
1710,750
1700,750
1690,750
1680,750
1670,750
1660,750
1650,750
1640,750
1630,750
1620,750
1610,750
1600,750
1590,750
1580,750
1570,750
1560,750
1550,750
1540,750
1530,750
1520,750
1510,750
1500,750
1490,750
1480,750
1470,750
1460,750
1450,750
1440,750
1430,750
1420,750
1410,750
1400,750
1390,750
1380,750
1370,750
1360,750
1350,750
1340,750
1330,750
1320,750
1310,750
1300,750
1290,750
1280,750
1270,750
1260,750
1250,750
1240,750
1230,750
1220,750
1210,750
1200,750
1190,750
1180,750
1170,750
1160,750
1150,750
1140,750
1130,750
1120,750
1110,750
1100,750
1090,750
1080,750
1070,750
1060,750
1050,750
1040,750
1030,750
1020,750
1010,750
1000,750
990,750
980,750
970,750
960,750
950,750
940,750
930,750
920,750
910,750
900,750
890,750
880,750
870,750
860,750
850,750
840,750
830,750
820,750
810,750
800,750
790,750
780,750
770,750
760,750
750,750
740,750
730,750
720,750
710,750
700,750
690,750
680,750
670,750
660,750
650,750
640,750
630,750
620,750
610,750
600,750
590,750
580,750
570,750
560,750
550,750
540,750
530,750
520,750
510,750
500,750
490,750
480,750
470,750
460,750
450,750
440,750
430,750
420,750
410,750
400,750
390,750
380,750
370,750
360,750
350,750
340,750
330,750
320,750
310,750
300,750
290,750
280,750
270,750
260,750
250,750
250,760
250,770
250,780
250,790
250,800
250,810
250,820
250,830
250,840
250,850
250,860
250,870
250,880
250,890
250,900
250,910
250,920
250,930
250,940
250,950
250,960
250,970
250,980
250,990
250,1000
250,1010
250,1020
250,1030
250,1040
250,1050
250,1060
250,1070
250,1080
250,1090
250,1100
250,1110
250,1120
250,1130
250,1140
250,1150
250,1160
250,1170
250,1180
250,1190
250,1200
250,1210
250,1220
250,1230
250,1240
250,1250
260,1250
270,1250
280,1250
290,1250
300,1250
310,1250
320,1250
330,1250
340,1250
350,1250
360,1250
370,1250
380,1250
390,1250
400,1250
410,1250
420,1250
430,1250
440,1250
450,1250
460,1250
470,1250
480,1250
490,1250
500,1250
510,1250
520,1250
530,1250
540,1250
550,1250
560,1250
570,1250
580,1250
590,1250
600,1250
610,1250
620,1250
630,1250
640,1250
650,1250
660,1250
670,1250
680,1250
690,1250
700,1250
710,1250
720,1250
730,1250
740,1250
750,1250
760,1250
770,1250
780,1250
790,1250
800,1250
810,1250
820,1250
830,1250
840,1250
850,1250
860,1250
870,1250
880,1250
890,1250
900,1250
910,1250
920,1250
930,1250
940,1250
950,1250
960,1250
970,1250
980,1250
990,1250
1000,1250
1010,1250
1020,1250
1030,1250
1040,1250
1050,1250
1060,1250
1070,1250
1080,1250
1090,1250
1100,1250
1110,1250
1120,1250
1130,1250
1140,1250
1150,1250
1160,1250
1170,1250
1180,1250
1190,1250
1200,1250
1210,1250
1220,1250
1230,1250
1240,1250
1250,1250
1260,1250
1270,1250
1280,1250
1290,1250
1300,1250
1310,1250
1320,1250
1330,1250
1340,1250
1350,1250
1360,1250
1370,1250
1380,1250
1390,1250
1400,1250
1410,1250
1420,1250
1430,1250
1440,1250
1450,1250
1460,1250
1470,1250
1480,1250
1490,1250
1500,1250
1510,1250
1520,1250
1530,1250
1540,1250
1550,1250
1560,1250
1570,1250
1580,1250
1590,1250
1600,1250
1610,1250
1620,1250
1630,1250
1640,1250
1650,1250
1660,1250
1670,1250
1680,1250
1690,1250
1700,1250
1710,1250
1720,1250
1730,1250
1740,1250
1750,1250
1760,1250
1770,1250
1780,1250
1790,1250
1800,1250
1810,1250
1820,1250
1830,1250
1840,1250
1850,1250
1860,1250
1870,1250
1880,1250
1890,1250
1900,1250
1910,1250
1920,1250
1930,1250
1940,1250
1950,1250
1960,1250
1970,1250
1980,1250
1990,1250
2000,1250
2010,1250
2020,1250
2030,1250
2040,1250
2050,1250
2060,1250
2070,1250
2080,1250
2090,1250
2100,1250
2110,1250
2120,1250
2130,1250
2140,1250
2150,1250
2160,1250
2170,1250
2180,1250
2190,1250
2200,1250
2210,1250
2220,1250
2230,1250
2240,1250
2250,1250
2260,1250
2270,1250
2280,1250
2290,1250
2300,1250
2310,1250
2320,1250
2330,1250
2340,1250
2350,1250
2360,1250
2370,1250
2380,1250
2390,1250
2400,1250
2410,1250
2420,1250
2430,1250
2440,1250
2450,1250
2460,1250
2470,1250
2480,1250
2490,1250
2500,1250
2510,1250
2520,1250
2530,1250
2540,1250
2550,1250
2560,1250
2570,1250
2580,1250
2590,1250
2600,1250
2610,1250
2620,1250
2630,1250
2640,1250
2650,1250
2660,1250
2670,1250
2680,1250
2690,1250
2700,1250
2710,1250
2720,1250
2730,1250
2740,1250
2750,1250
2760,1250
2770,1250
2780,1250
2790,1250
2800,1250
2810,1250
2820,1250
2830,1250
2840,1250
2850,1250
2860,1250
2870,1250
2880,1250
2890,1250
2900,1250
2910,1250
2920,1250
2930,1250
2940,1250
2950,1250
2960,1250
2970,1250
2980,1250
2990,1250
3000,1250
3010,1250
3020,1250
3030,1250
3040,1250
3050,1250
3060,1250
3070,1250
3080,1250
3090,1250
3100,1250
3110,1250
3120,1250
3130,1250
3140,1250
3150,1250
3160,1250
3170,1250
3180,1250
3190,1250
3200,1250
3210,1250
3220,1250
3230,1250
3240,1250
3250,1250
3260,1250
3270,1250
3280,1250
3290,1250
3300,1250
3310,1250
3320,1250
3330,1250
3340,1250
3350,1250
3360,1250
3370,1250
3380,1250
3390,1250
3400,1250
3410,1250
3420,1250
3430,1250
3440,1250
3450,1250
3460,1250
3470,1250
3480,1250
3490,1250
3500,1250
3510,1250
3520,1250
3530,1250
3540,1250
3550,1250
3560,1250
3570,1250
3580,1250
3590,1250
3600,1250
3610,1250
3620,1250
3630,1250
3640,1250
3650,1250
3660,1250
3670,1250
3680,1250
3690,1250
3700,1250
3710,1250
3720,1250
3730,1250
3740,1250
3750,1250
3760,1250
3770,1250
3780,1250
3790,1250
3800,1250
3810,1250
3820,1250
3830,1250
3840,1250
3850,1250
3860,1250
3870,1250
3880,1250
3890,1250
3900,1250
3910,1250
3920,1250
3930,1250
3940,1250
3950,1250
3960,1250
3970,1250
3980,1250
3990,1250
4000,1250
4010,1250
4020,1250
4030,1250
4040,1250
4050,1250
4050,1260
4050,1270
4050,1280
4050,1290
4050,1300
4050,1310
4050,1320
4050,1330
4050,1340
4050,1350
4050,1360
4050,1370
4050,1380
4050,1390
4050,1400
4050,1410
4050,1420
4050,1430
4050,1440
4050,1450
4050,1460
4050,1470
4050,1480
4050,1490
4050,1500
4050,1510
4050,1520
4050,1530
4050,1540
4050,1550
4050,1560
4050,1570
4050,1580
4050,1590
4050,1600
4050,1610
4050,1620
4050,1630
4050,1640
4050,1650
4050,1660
4050,1670
4050,1680
4050,1690
4050,1700
4050,1710
4050,1720
4050,1730
4050,1740
4050,1750
4040,1750
4030,1750
4020,1750
4010,1750
4000,1750
3990,1750
3980,1750
3970,1750
3960,1750
3950,1750
3940,1750
3930,1750
3920,1750
3910,1750
3900,1750
3890,1750
3880,1750
3870,1750
3860,1750
3850,1750
3840,1750
3830,1750
3820,1750
3810,1750
3800,1750
3790,1750
3780,1750
3770,1750
3760,1750
3750,1750
3740,1750
3730,1750
3720,1750
3710,1750
3700,1750
3690,1750
3680,1750
3670,1750
3660,1750
3650,1750
3640,1750
3630,1750
3620,1750
3610,1750
3600,1750
3590,1750
3580,1750
3570,1750
3560,1750
3550,1750
3540,1750
3530,1750
3520,1750
3510,1750
3500,1750
3490,1750
3480,1750
3470,1750
3460,1750
3450,1750
3440,1750
3430,1750
3420,1750
3410,1750
3400,1750
3390,1750
3380,1750
3370,1750
3360,1750
3350,1750
3340,1750
3330,1750
3320,1750
3310,1750
3300,1750
3290,1750
3280,1750
3270,1750
3260,1750
3250,1750
3240,1750
3230,1750
3220,1750
3210,1750
3200,1750
3190,1750
3180,1750
3170,1750
3160,1750
3150,1750
3140,1750
3130,1750
3120,1750
3110,1750
3100,1750
3090,1750
3080,1750
3070,1750
3060,1750
3050,1750
3040,1750
3030,1750
3020,1750
3010,1750
3000,1750
2990,1750
2980,1750
2970,1750
2960,1750
2950,1750
2940,1750
2930,1750
2920,1750
2910,1750
2900,1750
2890,1750
2880,1750
2870,1750
2860,1750
2850,1750
2840,1750
2830,1750
2820,1750
2810,1750
2800,1750
2790,1750
2780,1750
2770,1750
2760,1750
2750,1750
2740,1750
2730,1750
2720,1750
2710,1750
2700,1750
2690,1750
2680,1750
2670,1750
2660,1750
2650,1750
2640,1750
2630,1750
2620,1750
2610,1750
2600,1750
2590,1750
2580,1750
2570,1750
2560,1750
2550,1750
2540,1750
2530,1750
2520,1750
2510,1750
2500,1750
2490,1750
2480,1750
2470,1750
2460,1750
2450,1750
2440,1750
2430,1750
2420,1750
2410,1750
2400,1750
2390,1750
2380,1750
2370,1750
2360,1750
2350,1750
2340,1750
2330,1750
2320,1750
2310,1750
2300,1750
2290,1750
2280,1750
2270,1750
2260,1750
2250,1750
2240,1750
2230,1750
2220,1750
2210,1750
2200,1750
2190,1750
2180,1750
2170,1750
2160,1750
2150,1750
2140,1750
2130,1750
2120,1750
2110,1750
2100,1750
2090,1750
2080,1750
2070,1750
2060,1750
2050,1750
2040,1750
2030,1750
2020,1750
2010,1750
2000,1750
1990,1750
1980,1750
1970,1750
1960,1750
1950,1750
1940,1750
1930,1750
1920,1750
1910,1750
1900,1750
1890,1750
1880,1750
1870,1750
1860,1750
1850,1750
1840,1750
1830,1750
1820,1750
1810,1750
1800,1750
1790,1750
1780,1750
1770,1750
1760,1750
1750,1750
1740,1750
1730,1750
1720,1750
1710,1750
1700,1750
1690,1750
1680,1750
1670,1750
1660,1750
1650,1750
1640,1750
1630,1750
1620,1750
1610,1750
1600,1750
1590,1750
1580,1750
1570,1750
1560,1750
1550,1750
1540,1750
1530,1750
1520,1750
1510,1750
1500,1750
1490,1750
1480,1750
1470,1750
1460,1750
1450,1750
1440,1750
1430,1750
1420,1750
1410,1750
1400,1750
1390,1750
1380,1750
1370,1750
1360,1750
1350,1750
1340,1750
1330,1750
1320,1750
1310,1750
1300,1750
1290,1750
1280,1750
1270,1750
1260,1750
1250,1750
1240,1750
1230,1750
1220,1750
1210,1750
1200,1750
1190,1750
1180,1750
1170,1750
1160,1750
1150,1750
1140,1750
1130,1750
1120,1750
1110,1750
1100,1750
1090,1750
1080,1750
1070,1750
1060,1750
1050,1750
1040,1750
1030,1750
1020,1750
1010,1750
1000,1750
990,1750
980,1750
970,1750
960,1750
950,1750
940,1750
930,1750
920,1750
910,1750
900,1750
890,1750
880,1750
870,1750
860,1750
850,1750
840,1750
830,1750
820,1750
810,1750
800,1750
790,1750
780,1750
770,1750
760,1750
750,1750
740,1750
730,1750
720,1750
710,1750
700,1750
690,1750
680,1750
670,1750
660,1750
650,1750
640,1750
630,1750
620,1750
610,1750
600,1750
590,1750
580,1750
570,1750
560,1750
550,1750
540,1750
530,1750
520,1750
510,1750
500,1750
490,1750
480,1750
470,1750
460,1750
450,1750
440,1750
430,1750
420,1750
410,1750
400,1750
390,1750
380,1750
370,1750
360,1750
350,1750
340,1750
330,1750
320,1750
310,1750
300,1750
290,1750
280,1750
270,1750
260,1750
250,1750
250,1760
250,1770
250,1780
250,1790
250,1800
250,1810
250,1820
250,1830
250,1840
250,1850
250,1860
250,1870
250,1880
250,1890
250,1900
250,1910
250,1920
250,1930
250,1940
250,1950
250,1960
250,1970
250,1980
250,1990
250,2000
250,2010
250,2020
250,2030
250,2040
250,2050
250,2060
250,2070
250,2080
250,2090
250,2100
250,2110
250,2120
250,2130
250,2140
250,2150
250,2160
250,2170
250,2180
250,2190
250,2200
250,2210
250,2220
250,2230
250,2240
250,2250
260,2250
270,2250
280,2250
290,2250
300,2250
310,2250
320,2250
330,2250
340,2250
350,2250
360,2250
370,2250
380,2250
390,2250
400,2250
410,2250
420,2250
430,2250
440,2250
450,2250
460,2250
470,2250
480,2250
490,2250
500,2250
510,2250
520,2250
530,2250
540,2250
550,2250
560,2250
570,2250
580,2250
590,2250
600,2250
610,2250
620,2250
630,2250
640,2250
650,2250
660,2250
670,2250
680,2250
690,2250
700,2250
710,2250
720,2250
730,2250
740,2250
750,2250
760,2250
770,2250
780,2250
790,2250
800,2250
810,2250
820,2250
830,2250
840,2250
850,2250
860,2250
870,2250
880,2250
890,2250
900,2250
910,2250
920,2250
930,2250
940,2250
950,2250
960,2250
970,2250
980,2250
990,2250
1000,2250
1010,2250
1020,2250
1030,2250
1040,2250
1050,2250
1060,2250
1070,2250
1080,2250
1090,2250
1100,2250
1110,2250
1120,2250
1130,2250
1140,2250
1150,2250
1160,2250
1170,2250
1180,2250
1190,2250
1200,2250
1210,2250
1220,2250
1230,2250
1240,2250
1250,2250
1260,2250
1270,2250
1280,2250
1290,2250
1300,2250
1310,2250
1320,2250
1330,2250
1340,2250
1350,2250
1360,2250
1370,2250
1380,2250
1390,2250
1400,2250
1410,2250
1420,2250
1430,2250
1440,2250
1450,2250
1460,2250
1470,2250
1480,2250
1490,2250
1500,2250
1510,2250
1520,2250
1530,2250
1540,2250
1550,2250
1560,2250
1570,2250
1580,2250
1590,2250
1600,2250
1610,2250
1620,2250
1630,2250
1640,2250
1650,2250
1660,2250
1670,2250
1680,2250
1690,2250
1700,2250
1710,2250
1720,2250
1730,2250
1740,2250
1750,2250
1760,2250
1770,2250
1780,2250
1790,2250
1800,2250
1810,2250
1820,2250
1830,2250
1840,2250
1850,2250
1860,2250
1870,2250
1880,2250
1890,2250
1900,2250
1910,2250
1920,2250
1930,2250
1940,2250
1950,2250
1960,2250
1970,2250
1980,2250
1990,2250
2000,2250
2010,2250
2020,2250
2030,2250
2040,2250
2050,2250
2060,2250
2070,2250
2080,2250
2090,2250
2100,2250
2110,2250
2120,2250
2130,2250
2140,2250
2150,2250
2160,2250
2170,2250
2180,2250
2190,2250
2200,2250
2210,2250
2220,2250
2230,2250
2240,2250
2250,2250
2260,2250
2270,2250
2280,2250
2290,2250
2300,2250
2310,2250
2320,2250
2330,2250
2340,2250
2350,2250
2360,2250
2370,2250
2380,2250
2390,2250
2400,2250
2410,2250
2420,2250
2430,2250
2440,2250
2450,2250
2460,2250
2470,2250
2480,2250
2490,2250
2500,2250
2510,2250
2520,2250
2530,2250
2540,2250
2550,2250
2560,2250
2570,2250
2580,2250
2590,2250
2600,2250
2610,2250
2620,2250
2630,2250
2640,2250
2650,2250
2660,2250
2670,2250
2680,2250
2690,2250
2700,2250
2710,2250
2720,2250
2730,2250
2740,2250
2750,2250
2760,2250
2770,2250
2780,2250
2790,2250
2800,2250
2810,2250
2820,2250
2830,2250
2840,2250
2850,2250
2860,2250
2870,2250
2880,2250
2890,2250
2900,2250
2910,2250
2920,2250
2930,2250
2940,2250
2950,2250
2960,2250
2970,2250
2980,2250
2990,2250
3000,2250
3010,2250
3020,2250
3030,2250
3040,2250
3050,2250
3060,2250
3070,2250
3080,2250
3090,2250
3100,2250
3110,2250
3120,2250
3130,2250
3140,2250
3150,2250
3160,2250
3170,2250
3180,2250
3190,2250
3200,2250
3210,2250
3220,2250
3230,2250
3240,2250
3250,2250
3260,2250
3270,2250
3280,2250
3290,2250
3300,2250
3310,2250
3320,2250
3330,2250
3340,2250
3350,2250
3360,2250
3370,2250
3380,2250
3390,2250
3400,2250
3410,2250
3420,2250
3430,2250
3440,2250
3450,2250
3460,2250
3470,2250
3480,2250
3490,2250
3500,2250
3510,2250
3520,2250
3530,2250
3540,2250
3550,2250
3560,2250
3570,2250
3580,2250
3590,2250
3600,2250
3610,2250
3620,2250
3630,2250
3640,2250
3650,2250
3660,2250
3670,2250
3680,2250
3690,2250
3700,2250
3710,2250
3720,2250
3730,2250
3740,2250
3750,2250
3760,2250
3770,2250
3780,2250
3790,2250
3800,2250
3810,2250
3820,2250
3830,2250
3840,2250
3850,2250
3860,2250
3870,2250
3880,2250
3890,2250
3900,2250
3910,2250
3920,2250
3930,2250
3940,2250
3950,2250
3960,2250
3970,2250
3980,2250
3990,2250
4000,2250
4010,2250
4020,2250
4030,2250
4040,2250
4050,2250
4050,2260
4050,2270
4050,2280
4050,2290
4050,2300
4050,2310
4050,2320
4050,2330
4050,2340
4050,2350
4050,2360
4050,2370
4050,2380
4050,2390
4050,2400
4050,2410
4050,2420
4050,2430
4050,2440
4050,2450
4050,2460
4050,2470
4050,2480
4050,2490
4050,2500
4050,2510
4050,2520
4050,2530
4050,2540
4050,2550
4050,2560
4050,2570
4050,2580
4050,2590
4050,2600
4050,2610
4050,2620
4050,2630
4050,2640
4050,2650
4050,2660
4050,2670
4050,2680
4050,2690
4050,2700
4050,2710
4050,2720
4050,2730
4050,2740
4050,2750
4040,2750
4030,2750
4020,2750
4010,2750
4000,2750
3990,2750
3980,2750
3970,2750
3960,2750
3950,2750
3940,2750
3930,2750
3920,2750
3910,2750
3900,2750
3890,2750
3880,2750
3870,2750
3860,2750
3850,2750
3840,2750
3830,2750
3820,2750
3810,2750
3800,2750
3790,2750
3780,2750
3770,2750
3760,2750
3750,2750
3740,2750
3730,2750
3720,2750
3710,2750
3700,2750
3690,2750
3680,2750
3670,2750
3660,2750
3650,2750
3640,2750
3630,2750
3620,2750
3610,2750
3600,2750
3590,2750
3580,2750
3570,2750
3560,2750
3550,2750
3540,2750
3530,2750
3520,2750
3510,2750
3500,2750
3490,2750
3480,2750
3470,2750
3460,2750
3450,2750
3440,2750
3430,2750
3420,2750
3410,2750
3400,2750
3390,2750
3380,2750
3370,2750
3360,2750
3350,2750
3340,2750
3330,2750
3320,2750
3310,2750
3300,2750
3290,2750
3280,2750
3270,2750
3260,2750
3250,2750
3240,2750
3230,2750
3220,2750
3210,2750
3200,2750
3190,2750
3180,2750
3170,2750
3160,2750
3150,2750
3140,2750
3130,2750
3120,2750
3110,2750
3100,2750
3090,2750
3080,2750
3070,2750
3060,2750
3050,2750
3040,2750
3030,2750
3020,2750
3010,2750
3000,2750
2990,2750
2980,2750
2970,2750
2960,2750
2950,2750
2940,2750
2930,2750
2920,2750
2910,2750
2900,2750
2890,2750
2880,2750
2870,2750
2860,2750
2850,2750
2840,2750
2830,2750
2820,2750
2810,2750
2800,2750
2790,2750
2780,2750
2770,2750
2760,2750
2750,2750
2740,2750
2730,2750
2720,2750
2710,2750
2700,2750
2690,2750
2680,2750
2670,2750
2660,2750
2650,2750
2640,2750
2630,2750
2620,2750
2610,2750
2600,2750
2590,2750
2580,2750
2570,2750
2560,2750
2550,2750
2540,2750
2530,2750
2520,2750
2510,2750
2500,2750
2490,2750
2480,2750
2470,2750
2460,2750
2450,2750
2440,2750
2430,2750
2420,2750
2410,2750
2400,2750
2390,2750
2380,2750
2370,2750
2360,2750
2350,2750
2340,2750
2330,2750
2320,2750
2310,2750
2300,2750
2290,2750
2280,2750
2270,2750
2260,2750
2250,2750
2240,2750
2230,2750
2220,2750
2210,2750
2200,2750
2190,2750
2180,2750
2170,2750
2160,2750
2150,2750
2140,2750
2130,2750
2120,2750
2110,2750
2100,2750
2090,2750
2080,2750
2070,2750
2060,2750
2050,2750
2040,2750
2030,2750
2020,2750
2010,2750
2000,2750
1990,2750
1980,2750
1970,2750
1960,2750
1950,2750
1940,2750
1930,2750
1920,2750
1910,2750
1900,2750
1890,2750
1880,2750
1870,2750
1860,2750
1850,2750
1840,2750
1830,2750
1820,2750
1810,2750
1800,2750
1790,2750
1780,2750
1770,2750
1760,2750
1750,2750
1740,2750
1730,2750
1720,2750
1710,2750
1700,2750
1690,2750
1680,2750
1670,2750
1660,2750
1650,2750
1640,2750
1630,2750
1620,2750
1610,2750
1600,2750
1590,2750
1580,2750
1570,2750
1560,2750
1550,2750
1540,2750
1530,2750
1520,2750
1510,2750
1500,2750
1490,2750
1480,2750
1470,2750
1460,2750
1450,2750
1440,2750
1430,2750
1420,2750
1410,2750
1400,2750
1390,2750
1380,2750
1370,2750
1360,2750
1350,2750
1340,2750
1330,2750
1320,2750
1310,2750
1300,2750
1290,2750
1280,2750
1270,2750
1260,2750
1250,2750
1240,2750
1230,2750
1220,2750
1210,2750
1200,2750
1190,2750
1180,2750
1170,2750
1160,2750
1150,2750
1140,2750
1130,2750
1120,2750
1110,2750
1100,2750
1090,2750
1080,2750
1070,2750
1060,2750
1050,2750
1040,2750
1030,2750
1020,2750
1010,2750
1000,2750
990,2750
980,2750
970,2750
960,2750
950,2750
940,2750
930,2750
920,2750
910,2750
900,2750
890,2750
880,2750
870,2750
860,2750
850,2750
840,2750
830,2750
820,2750
810,2750
800,2750
790,2750
780,2750
770,2750
760,2750
750,2750
740,2750
730,2750
720,2750
710,2750
700,2750
690,2750
680,2750
670,2750
660,2750
650,2750
640,2750
630,2750
620,2750
610,2750
600,2750
590,2750
580,2750
570,2750
560,2750
550,2750
540,2750
530,2750
520,2750
510,2750
500,2750
490,2750
480,2750
470,2750
460,2750
450,2750
440,2750
430,2750
420,2750
410,2750
400,2750
390,2750
380,2750
370,2750
360,2750
350,2750
340,2750
330,2750
320,2750
310,2750
300,2750
290,2750
280,2750
270,2750
260,2750
250,2750
250,2760
250,2770
250,2780
250,2790
250,2800
250,2810
250,2820
250,2830
250,2840
250,2850
250,2860
250,2870
250,2880
250,2890
250,2900
250,2910
250,2920
250,2930
250,2940
250,2950
250,2960
250,2970
250,2980
250,2990
250,3000
250,3010
250,3020
250,3030
250,3040
250,3050
250,3060
250,3070
250,3080
250,3090
250,3100
250,3110
250,3120
250,3130
250,3140
250,3150
250,3160
250,3170
250,3180
250,3190
250,3200
250,3210
250,3220
250,3230
250,3240
250,3250
260,3250
270,3250
280,3250
290,3250
300,3250
310,3250
320,3250
330,3250
340,3250
350,3250
360,3250
370,3250
380,3250
390,3250
400,3250
410,3250
420,3250
430,3250
440,3250
450,3250
460,3250
470,3250
480,3250
490,3250
500,3250
510,3250
520,3250
530,3250
540,3250
550,3250
560,3250
570,3250
580,3250
590,3250
600,3250
610,3250
620,3250
630,3250
640,3250
650,3250
660,3250
670,3250
680,3250
690,3250
700,3250
710,3250
720,3250
730,3250
740,3250
750,3250
760,3250
770,3250
780,3250
790,3250
800,3250
810,3250
820,3250
830,3250
840,3250
850,3250
860,3250
870,3250
880,3250
890,3250
900,3250
910,3250
920,3250
930,3250
940,3250
950,3250
960,3250
970,3250
980,3250
990,3250
1000,3250
1010,3250
1020,3250
1030,3250
1040,3250
1050,3250
1060,3250
1070,3250
1080,3250
1090,3250
1100,3250
1110,3250
1120,3250
1130,3250
1140,3250
1150,3250
1160,3250
1170,3250
1180,3250
1190,3250
1200,3250
1210,3250
1220,3250
1230,3250
1240,3250
1250,3250
1260,3250
1270,3250
1280,3250
1290,3250
1300,3250
1310,3250
1320,3250
1330,3250
1340,3250
1350,3250
1360,3250
1370,3250
1380,3250
1390,3250
1400,3250
1410,3250
1420,3250
1430,3250
1440,3250
1450,3250
1460,3250
1470,3250
1480,3250
1490,3250
1500,3250
1510,3250
1520,3250
1530,3250
1540,3250
1550,3250
1560,3250
1570,3250
1580,3250
1590,3250
1600,3250
1610,3250
1620,3250
1630,3250
1640,3250
1650,3250
1660,3250
1670,3250
1680,3250
1690,3250
1700,3250
1710,3250
1720,3250
1730,3250
1740,3250
1750,3250
1760,3250
1770,3250
1780,3250
1790,3250
1800,3250
1810,3250
1820,3250
1830,3250
1840,3250
1850,3250
1860,3250
1870,3250
1880,3250
1890,3250
1900,3250
1910,3250
1920,3250
1930,3250
1940,3250
1950,3250
1960,3250
1970,3250
1980,3250
1990,3250
2000,3250
2010,3250
2020,3250
2030,3250
2040,3250
2050,3250
2060,3250
2070,3250
2080,3250
2090,3250
2100,3250
2110,3250
2120,3250
2130,3250
2140,3250
2150,3250
2160,3250
2170,3250
2180,3250
2190,3250
2200,3250
2210,3250
2220,3250
2230,3250
2240,3250
2250,3250
2260,3250
2270,3250
2280,3250
2290,3250
2300,3250
2310,3250
2320,3250
2330,3250
2340,3250
2350,3250
2360,3250
2370,3250
2380,3250
2390,3250
2400,3250
2410,3250
2420,3250
2430,3250
2440,3250
2450,3250
2460,3250
2470,3250
2480,3250
2490,3250
2500,3250
2510,3250
2520,3250
2530,3250
2540,3250
2550,3250
2560,3250
2570,3250
2580,3250
2590,3250
2600,3250
2610,3250
2620,3250
2630,3250
2640,3250
2650,3250
2660,3250
2670,3250
2680,3250
2690,3250
2700,3250
2710,3250
2720,3250
2730,3250
2740,3250
2750,3250
2760,3250
2770,3250
2780,3250
2790,3250
2800,3250
2810,3250
2820,3250
2830,3250
2840,3250
2850,3250
2860,3250
2870,3250
2880,3250
2890,3250
2900,3250
2910,3250
2920,3250
2930,3250
2940,3250
2950,3250
2960,3250
2970,3250
2980,3250
2990,3250
3000,3250
3010,3250
3020,3250
3030,3250
3040,3250
3050,3250
3060,3250
3070,3250
3080,3250
3090,3250
3100,3250
3110,3250
3120,3250
3130,3250
3140,3250
3150,3250
3160,3250
3170,3250
3180,3250
3190,3250
3200,3250
3210,3250
3220,3250
3230,3250
3240,3250
3250,3250
3260,3250
3270,3250
3280,3250
3290,3250
3300,3250
3310,3250
3320,3250
3330,3250
3340,3250
3350,3250
3360,3250
3370,3250
3380,3250
3390,3250
3400,3250
3410,3250
3420,3250
3430,3250
3440,3250
3450,3250
3460,3250
3470,3250
3480,3250
3490,3250
3500,3250
3510,3250
3520,3250
3530,3250
3540,3250
3550,3250
3560,3250
3570,3250
3580,3250
3590,3250
3600,3250
3610,3250
3620,3250
3630,3250
3640,3250
3650,3250
3660,3250
3670,3250
3680,3250
3690,3250
3700,3250
3710,3250
3720,3250
3730,3250
3740,3250
3750,3250
3760,3250
3770,3250
3780,3250
3790,3250
3800,3250
3810,3250
3820,3250
3830,3250
3840,3250
3850,3250
3860,3250
3870,3250
3880,3250
3890,3250
3900,3250
3910,3250
3920,3250
3930,3250
3940,3250
3950,3250
3960,3250
3970,3250
3980,3250
3990,3250
4000,3250
4010,3250
4020,3250
4030,3250
4040,3250
4050,3250
4050,3260
4050,3270
4050,3280
4050,3290
4050,3300
4050,3310
4050,3320
4050,3330
4050,3340
4050,3350
4050,3360
4050,3370
4050,3380
4050,3390
4050,3400
4050,3410
4050,3420
4050,3430
4050,3440
4050,3450
4050,3460
4050,3470
4050,3480
4050,3490
4050,3500
4050,3510
4050,3520
4050,3530
4050,3540
4050,3550
4050,3560
4050,3570
4050,3580
4050,3590
4050,3600
4050,3610
4050,3620
4050,3630
4050,3640
4050,3650
4050,3660
4050,3670
4050,3680
4050,3690
4050,3700
4050,3710
4050,3720
4050,3730
4050,3740
4050,3750
4040,3750
4030,3750
4020,3750
4010,3750
4000,3750
3990,3750
3980,3750
3970,3750
3960,3750
3950,3750
3940,3750
3930,3750
3920,3750
3910,3750
3900,3750
3890,3750
3880,3750
3870,3750
3860,3750
3850,3750
3840,3750
3830,3750
3820,3750
3810,3750
3800,3750
3790,3750
3780,3750
3770,3750
3760,3750
3750,3750
3740,3750
3730,3750
3720,3750
3710,3750
3700,3750
3690,3750
3680,3750
3670,3750
3660,3750
3650,3750
3640,3750
3630,3750
3620,3750
3610,3750
3600,3750
3590,3750
3580,3750
3570,3750
3560,3750
3550,3750
3540,3750
3530,3750
3520,3750
3510,3750
3500,3750
3490,3750
3480,3750
3470,3750
3460,3750
3450,3750
3440,3750
3430,3750
3420,3750
3410,3750
3400,3750
3390,3750
3380,3750
3370,3750
3360,3750
3350,3750
3340,3750
3330,3750
3320,3750
3310,3750
3300,3750
3290,3750
3280,3750
3270,3750
3260,3750
3250,3750
3240,3750
3230,3750
3220,3750
3210,3750
3200,3750
3190,3750
3180,3750
3170,3750
3160,3750
3150,3750
3140,3750
3130,3750
3120,3750
3110,3750
3100,3750
3090,3750
3080,3750
3070,3750
3060,3750
3050,3750
3040,3750
3030,3750
3020,3750
3010,3750
3000,3750
2990,3750
2980,3750
2970,3750
2960,3750
2950,3750
2940,3750
2930,3750
2920,3750
2910,3750
2900,3750
2890,3750
2880,3750
2870,3750
2860,3750
2850,3750
2840,3750
2830,3750
2820,3750
2810,3750
2800,3750
2790,3750
2780,3750
2770,3750
2760,3750
2750,3750
2740,3750
2730,3750
2720,3750
2710,3750
2700,3750
2690,3750
2680,3750
2670,3750
2660,3750
2650,3750
2640,3750
2630,3750
2620,3750
2610,3750
2600,3750
2590,3750
2580,3750
2570,3750
2560,3750
2550,3750
2540,3750
2530,3750
2520,3750
2510,3750
2500,3750
2490,3750
2480,3750
2470,3750
2460,3750
2450,3750
2440,3750
2430,3750
2420,3750
2410,3750
2400,3750
2390,3750
2380,3750
2370,3750
2360,3750
2350,3750
2340,3750
2330,3750
2320,3750
2310,3750
2300,3750
2290,3750
2280,3750
2270,3750
2260,3750
2250,3750
2240,3750
2230,3750
2220,3750
2210,3750
2200,3750
2190,3750
2180,3750
2170,3750
2160,3750
2150,3750
2140,3750
2130,3750
2120,3750
2110,3750
2100,3750
2090,3750
2080,3750
2070,3750
2060,3750
2050,3750
2040,3750
2030,3750
2020,3750
2010,3750
2000,3750
1990,3750
1980,3750
1970,3750
1960,3750
1950,3750
1940,3750
1930,3750
1920,3750
1910,3750
1900,3750
1890,3750
1880,3750
1870,3750
1860,3750
1850,3750
1840,3750
1830,3750
1820,3750
1810,3750
1800,3750
1790,3750
1780,3750
1770,3750
1760,3750
1750,3750
1740,3750
1730,3750
1720,3750
1710,3750
1700,3750
1690,3750
1680,3750
1670,3750
1660,3750
1650,3750
1640,3750
1630,3750
1620,3750
1610,3750
1600,3750
1590,3750
1580,3750
1570,3750
1560,3750
1550,3750
1540,3750
1530,3750
1520,3750
1510,3750
1500,3750
1490,3750
1480,3750
1470,3750
1460,3750
1450,3750
1440,3750
1430,3750
1420,3750
1410,3750
1400,3750
1390,3750
1380,3750
1370,3750
1360,3750
1350,3750
1340,3750
1330,3750
1320,3750
1310,3750
1300,3750
1290,3750
1280,3750
1270,3750
1260,3750
1250,3750
1240,3750
1230,3750
1220,3750
1210,3750
1200,3750
1190,3750
1180,3750
1170,3750
1160,3750
1150,3750
1140,3750
1130,3750
1120,3750
1110,3750
1100,3750
1090,3750
1080,3750
1070,3750
1060,3750
1050,3750
1040,3750
1030,3750
1020,3750
1010,3750
1000,3750
990,3750
980,3750
970,3750
960,3750
950,3750
940,3750
930,3750
920,3750
910,3750
900,3750
890,3750
880,3750
870,3750
860,3750
850,3750
840,3750
830,3750
820,3750
810,3750
800,3750
790,3750
780,3750
770,3750
760,3750
750,3750
740,3750
730,3750
720,3750
710,3750
700,3750
690,3750
680,3750
670,3750
660,3750
650,3750
640,3750
630,3750
620,3750
610,3750
600,3750
590,3750
580,3750
570,3750
560,3750
550,3750
540,3750
530,3750
520,3750
510,3750
500,3750
490,3750
480,3750
470,3750
460,3750
450,3750
440,3750
430,3750
420,3750
410,3750
400,3750
390,3750
380,3750
370,3750
360,3750
350,3750
340,3750
330,3750
320,3750
310,3750
300,3750
290,3750
280,3750
270,3750
260,3750
250,3750
250,3760
250,3770
250,3780
250,3790
250,3800
250,3810
250,3820
250,3830
250,3840
250,3850
250,3860
250,3870
250,3880
250,3890
250,3900
250,3910
250,3920
250,3930
250,3940
250,3950
250,3960
250,3970
250,3980
250,3990
250,4000
250,4010
250,4020
250,4030
250,4040
250,4050
250,4060
250,4070
250,4080
250,4090
250,4100
250,4110
250,4120
250,4130
250,4140
250,4150
250,4160
250,4170
250,4180
250,4190
250,4200
250,4210
250,4220
250,4230
250,4240
250,4250
260,4250
270,4250
280,4250
290,4250
300,4250
310,4250
320,4250
330,4250
340,4250
350,4250
360,4250
370,4250
380,4250
390,4250
400,4250
410,4250
420,4250
430,4250
440,4250
450,4250
460,4250
470,4250
480,4250
490,4250
500,4250
510,4250
520,4250
530,4250
540,4250
550,4250
560,4250
570,4250
580,4250
590,4250
600,4250
610,4250
620,4250
630,4250
640,4250
650,4250
660,4250
670,4250
680,4250
690,4250
700,4250
710,4250
720,4250
730,4250
740,4250
750,4250
760,4250
770,4250
780,4250
790,4250
800,4250
810,4250
820,4250
830,4250
840,4250
850,4250
860,4250
870,4250
880,4250
890,4250
900,4250
910,4250
920,4250
930,4250
940,4250
950,4250
960,4250
970,4250
980,4250
990,4250
1000,4250
1010,4250
1020,4250
1030,4250
1040,4250
1050,4250
1060,4250
1070,4250
1080,4250
1090,4250
1100,4250
1110,4250
1120,4250
1130,4250
1140,4250
1150,4250
1160,4250
1170,4250
1180,4250
1190,4250
1200,4250
1210,4250
1220,4250
1230,4250
1240,4250
1250,4250
1260,4250
1270,4250
1280,4250
1290,4250
1300,4250
1310,4250
1320,4250
1330,4250
1340,4250
1350,4250
1360,4250
1370,4250
1380,4250
1390,4250
1400,4250
1410,4250
1420,4250
1430,4250
1440,4250
1450,4250
1460,4250
1470,4250
1480,4250
1490,4250
1500,4250
1510,4250
1520,4250
1530,4250
1540,4250
1550,4250
1560,4250
1570,4250
1580,4250
1590,4250
1600,4250
1610,4250
1620,4250
1630,4250
1640,4250
1650,4250
1660,4250
1670,4250
1680,4250
1690,4250
1700,4250
1710,4250
1720,4250
1730,4250
1740,4250
1750,4250
1760,4250
1770,4250
1780,4250
1790,4250
1800,4250
1810,4250
1820,4250
1830,4250
1840,4250
1850,4250
1860,4250
1870,4250
1880,4250
1890,4250
1900,4250
1910,4250
1920,4250
1930,4250
1940,4250
1950,4250
1960,4250
1970,4250
1980,4250
1990,4250
2000,4250
2010,4250
2020,4250
2030,4250
2040,4250
2050,4250
2060,4250
2070,4250
2080,4250
2090,4250
2100,4250
2110,4250
2120,4250
2130,4250
2140,4250
2150,4250
2160,4250
2170,4250
2180,4250
2190,4250
2200,4250
2210,4250
2220,4250
2230,4250
2240,4250
2250,4250
2260,4250
2270,4250
2280,4250
2290,4250
2300,4250
2310,4250
2320,4250
2330,4250
2340,4250
2350,4250
2360,4250
2370,4250
2380,4250
2390,4250
2400,4250
2410,4250
2420,4250
2430,4250
2440,4250
2450,4250
2460,4250
2470,4250
2480,4250
2490,4250
2500,4250
2510,4250
2520,4250
2530,4250
2540,4250
2550,4250
2560,4250
2570,4250
2580,4250
2590,4250
2600,4250
2610,4250
2620,4250
2630,4250
2640,4250
2650,4250
2660,4250
2670,4250
2680,4250
2690,4250
2700,4250
2710,4250
2720,4250
2730,4250
2740,4250
2750,4250
2760,4250
2770,4250
2780,4250
2790,4250
2800,4250
2810,4250
2820,4250
2830,4250
2840,4250
2850,4250
2860,4250
2870,4250
2880,4250
2890,4250
2900,4250
2910,4250
2920,4250
2930,4250
2940,4250
2950,4250
2960,4250
2970,4250
2980,4250
2990,4250
3000,4250
3010,4250
3020,4250
3030,4250
3040,4250
3050,4250
3060,4250
3070,4250
3080,4250
3090,4250
3100,4250
3110,4250
3120,4250
3130,4250
3140,4250
3150,4250
3160,4250
3170,4250
3180,4250
3190,4250
3200,4250
3210,4250
3220,4250
3230,4250
3240,4250
3250,4250
3260,4250
3270,4250
3280,4250
3290,4250
3300,4250
3310,4250
3320,4250
3330,4250
3340,4250
3350,4250
3360,4250
3370,4250
3380,4250
3390,4250
3400,4250
3410,4250
3420,4250
3430,4250
3440,4250
3450,4250
3460,4250
3470,4250
3480,4250
3490,4250
3500,4250
3510,4250
3520,4250
3530,4250
3540,4250
3550,4250
3560,4250
3570,4250
3580,4250
3590,4250
3600,4250
3610,4250
3620,4250
3630,4250
3640,4250
3650,4250
3660,4250
3670,4250
3680,4250
3690,4250
3700,4250
3710,4250
3720,4250
3730,4250
3740,4250
3750,4250
3760,4250
3770,4250
3780,4250
3790,4250
3800,4250
3810,4250
3820,4250
3830,4250
3840,4250
3850,4250
3860,4250
3870,4250
3880,4250
3890,4250
3900,4250
3910,4250
3920,4250
3930,4250
3940,4250
3950,4250
3960,4250
3970,4250
3980,4250
3990,4250
4000,4250
4010,4250
4020,4250
4030,4250
4040,4250
4050,4250
