300,260
316,260.0
329,278.0
334,282.0
342,285.0
358,295.0
360,280.0
363,304.0
385,300.0
381,302.0
406,309.0
402,325.0
422,313.0
421,328.0
430,333.0
450,337.0
459,331.0
478,345.0
477,355.0
497,346.0
502,357.0
501,364.0
526,368.0
528,378.0
534,382.0
555,386.0
557,395.0
571,400.0
583,398.0
580,413.0
598,417.0
614,422.0
610,428.0
637,421.0
643,427.0
660,444.0
664,449.0
666,439.0
684,451.0
693,464.0
693,452.0
707,460.0
714,460.0
735,484.0
738,481.0
746,495.0
767,493.0
778,485.0
771,493.0
796,513.0
795,506.0
813,505.0
825,513.0
828,530.0
848,532.0
856,527.0
863,546.0
875,543.0
886,553.0
895,545.0
900,551.0
915,567.0
924,573.0
937,579.0
948,588.0
954,587.0
961,587.0
980,597.0
976,595.0
996,608.0
1008,601.0
1015,617.0
1017,625.0
1021,632.0
1045,621.0
1055,626.0
1051,633.0
1077,644.0
1080,642.0
1080,662.0
1100,665.0
1114,665.0
1117,667.0
1130,671.0
1135,681.0
1151,680.0
1162,687.0
1168,687.0
1178,705.0
1191,701.0
1192,714.0
1201,714.0
1218,723.0
1234,733.0
1234,720.0
1241,726.0
1259,745.0
1268,750.0
1273,757.0
1285,764.0
1306,765.0
1311,767.0
1329,775.0
1326,778.0
1350,778.0
1348,789.0
1365,796.0
1361,788.0
1370,790.0
1396,807.0
1394,804.0
1414,813.0
1410,820.0
1429,815.0
1446,824.0
1459,843.0
1452,846.0
1471,851.0
1472,850.0
1499,865.0
1509,858.0
1515,875.0
1520,865.0
1533,865.0
1535,872.0
1554,882.0
1554,898.0
1577,894.0
1572,910.0
1593,909.0
1607,919.0
1614,919.0
1615,910.0
1640,923.0
1630,929.0
1640,944.0
1666,941.0
1671,953.0
1676,958.0
1686,946.0
1708,952.0
1707,966.0
1715,965.0
1737,979.0
1732,989.0
1744,977.0
1764,991.0
1772,994.0
1784,998.0
1780,1003.0
1808,1006.0
1802,1008.0
1823,1015.0
1830,1015.0
1847,1026.0
1855,1041.0
1852,1040.0
1870,1047.0
1871,1041.0
1895,1052.0
1898,1050.0
1907,1064.0
1912,1063.0
1933,1071.0
1948,1076.0
1953,1078.0
1961,1097.0
1979,1085.0
1987,1106.0
1980,1110.0
1999,1113.0
2005,1114.0
2019,1125.0
2026,1116.0
2037,1126.0
2055,1140.0
2054,1146.0
2070,1136.0
2075,1144.0
2090,1159.0
2095,1158.0
2103,1164.0
2114,1177.0
2138,1181.0
2138,1179.0
2159,1183.0
2163,1181.0
2165,1188.0
2190,1207.0
2191,1199.0
2201,1210.0
2205,1218.0
2219,1220.0
2236,1235.0
2236,1222.0
2246,1245.0
2254,1232.0
2277,1246.0
2290,1260.0
2281,1256.0
2300,1269.0
2300,1264.0
2328,1273.0
2339,1283.0
2332,1279.0
2341,1278.0
2359,1291.0
2378,1288.0
2376,1302.0
2397,1295.0
2407,1307.0
2415,1311.0
2420,1313.0
2422,1323.0
2441,1334.0
2452,1344.0
2463,1343.0
2478,1341.0
2482,1360.0
2488,1348.0
2490,1361.0
2505,1356.0
2524,1367.0
2527,1369.0
2544,1380.0
2556,1382.0
2554,1387.0
2578,1400.0
2582,1407.0
2583,1402.0
2606,1402.0
2606,1419.0
2619,1420.0
2640,1416.0
2631,1429.0
2655,1435.0
2656,1441.0
2669,1451.0
2688,1459.0
2682,1446.0
2701,1453.0
2710,1461.0
2716,1471.0
2733,1483.0
2741,1476.0
2760,1492.0
2753,1495.0
2773,1491.0
2790,1507.0
2785,1498.0
2810,1502.0
2805,1521.0
2814,1528.0
2836,1535.0
2833,1532.0
2845,1526.0
2854,1541.0
2880,1542.0
2876,1555.0
2894,1558.0
2900,1560.0
2908,1560.0
2917,1564.0
2935,1583.0
2950,1570.0
2946,1578.0
2970,1600.0
2963,1595.0
2978,1598.0
2982,1608.0
3005,1604.0
3009,1610.0
3016,1610.0
3024,1631.0
3032,1636.0
3051,1640.0
3066,1641.0
3068,1645.0
3078,1651.0
3091,1660.0
3103,1669.0
3104,1675.0
3116,1680.0
3131,1666.0
3134,1672.0
3141,1679.0
3169,1685.0
3180,1701.0
3170,1695.0
3181,1708.0
3191,1708.0
3219,1719.0
3217,1722.0
3234,1720.0
3241,1728.0
3247,1728.0
3252,1732.0
3280,1741.0
3280,1752.0
3297,1747.0
3293,1755.0
3318,1771.0
3311,1772.0
3321,1768.0
3333,1780.0
3345,1793.0
3352,1794.0
3362,1798.0
3390,1804.0
3394,1799.0
3401,1818.0
3403,1806.0
3414,1825.0
3427,1831.0
3431,1840.0
3452,1828.0
3451,1848.0
3461,1855.0
3487,1851.0
3483,1860.0
3494,1854.0
3506,1869.0
3525,1876.0
3536,1873.0
3537,1880.0
3546,1880.0
3555,1888.0
3578,1900.0
3570,1897.0
3594,1913.0
3600,1910.0
3602,1916.0
3610,1913.0
3633,1917.0
3638,1922.0
3641,1945.0
3655,1946.0
3674,1942.0
3678,1955.0
3695,1958.0
3710,1970.0
3711,1967.0
3712,1965.0
3737,1973.0
3747,1972.0
3758,1990.0
3767,2000.0
3771,2002.0
3777,2009.0
3790,2008.0
3805,2004.0
3814,2021.0
3823,2018.0
3821,2035.0
3839,2035.0
3853,2042.0
3859,2049.0
3863,2037.0
3874,2044.0
3893,2056.0
3902,2068.0
3912,2055.0
3924,2068.0
3940,2072.0
3945,2075.0
3948,2091.0
3952,2089.0
3967,2093.0
3970,2103.0
3998,2108.0
3993,2100.0
4012,2107.0
4022,2121.0
4031,2125.0
4044,2137.0
4047,2132.0
4063,2132.0
4062,2139.0
4086,2157.0
4091,2157.0
4100,2162.0
4102,2159.0
4120,2161.0
4124,2170.0
4148,2181.0
4141,2181.0
4157,2183.0
4170,2191.0
4190,2205.0
4190,2196.0
4196,2201.0
4201,2216.0
4215,2213.0
4239,2217.0
4231,2234.0
4250,2241.0
4261,2234.0
4267,2252.0
4290,2254.0
4288,2248.0
4310,2265.0
4317,2274.0
4328,2265.0
4330,2270.0
4342,2273.0
4348,2295.0
4367,2292.0
4379,2295.0
4373,2293.0
4390,2310.0
4398,2306.0
4407,2323.0
4412,2326.0
4439,2329.0
4435,2337.0
4443,2328.0
4454,2339.0
4469,2344.0
4474,2360.0
4484,2345.0
4506,2360.0
