500,250
510,250
520,250
530,250
540,250
550,250
560,250
570,250
580,250
590,250
600,250
610,250
620,250
630,250
640,250
650,250
660,250
670,250
680,250
690,250
700,250
710,250
720,250
730,250
740,250
750,250
760,250
770,250
780,250
790,250
800,250
810,250
820,250
830,250
840,250
850,250
860,250
870,250
880,250
890,250
900,250
910,250
920,250
930,250
940,250
950,250
960,250
970,250
980,250
990,250
1000,250
1010,250
1020,250
1030,250
1040,250
1050,250
1060,250
1070,250
1080,250
1090,250
1100,250
1110,250
1120,250
1130,250
1140,250
1150,250
1160,250
1170,250
1180,250
1190,250
1200,250
1210,250
1220,250
1230,250
1240,250
1250,250
1260,250
1270,250
1280,250
1290,250
1300,250
1310,250
1320,250
1330,250
1340,250
1350,250
1360,250
1370,250
1380,250
1390,250
1400,250
1410,250
1420,250
1430,250
1440,250
1450,250
1460,250
1470,250
1480,250
1490,250
1500,250
1510,250
1520,250
1530,250
1540,250
1550,250
1560,250
1570,250
1580,250
1590,250
1600,250
1610,250
1620,250
1630,250
1640,250
1650,250
1660,250
1670,250
1680,250
1690,250
1700,250
1710,250
1720,250
1730,250
1740,250
1750,250
1760,250
1770,250
1780,250
1790,250
1800,250
1810,250
1820,250
1830,250
1840,250
1850,250
1860,250
1870,250
1880,250
1890,250
1900,250
1910,250
1920,250
1930,250
1940,250
1950,250
1960,250
1970,250
1980,250
1990,250
2000,250
2010,250
2020,250
2030,250
2040,250
2050,250
2060,250
2070,250
2080,250
2090,250
2100,250
2110,250
2120,250
2130,250
2140,250
2150,250
2160,250
2170,250
2180,250
2190,250
2200,250
2210,250
2220,250
2230,250
2240,250
2250,250
2260,250
2270,250
2280,250
2290,250
2300,250
2310,250
2320,250
2330,250
2340,250
2350,250
2360,250
2370,250
2380,250
2390,250
2400,250
2410,250
2420,250
2430,250
2440,250
2450,250
2460,250
2470,250
2480,250
2490,250
2500,250
2510,250
2520,250
2530,250
2540,250
2550,250
2560,250
2570,250
2580,250
2590,250
2600,250
2610,250
2620,250
2630,250
2640,250
2650,250
2660,250
2670,250
2680,250
2690,250
2700,250
2710,250
2720,250
2730,250
2740,250
2750,250
2760,250
2770,250
2780,250
2790,250
2800,250
2810,250
2820,250
2830,250
2840,250
2850,250
2860,250
2870,250
2880,250
2890,250
2900,250
2910,250
2920,250
2930,250
2940,250
2950,250
2960,250
2970,250
2980,250
2990,250
3000,250
3010,250
3020,250
3030,250
3040,250
3050,250
3060,250
3070,250
3080,250
3090,250
3100,250
3110,250
3120,250
3130,250
3140,250
3150,250
3160,250
3170,250
3180,250
3190,250
3200,250
3210,250
3220,250
3230,250
3240,250
3250,250
3260,250
3270,250
3280,250
3290,250
3300,250
3310,250
3320,250
3330,250
3340,250
3350,250
3360,250
3370,250
3380,250
3390,250
3400,250
3410,250
3420,250
3430,250
3440,250
3450,250
3460,250
3470,250
3480,250
3490,250
3500,250
3510,250
3520,250
3530,250
3540,250
3550,250
3560,250
3570,250
3580,250
3590,250
3600,250
3610,250
3620,250
3630,250
3640,250
3650,250
3660,250
3670,250
3680,250
3690,250
3700,250
3710,250
3720,250
3730,250
3740,250
3750,250
3760,250
3770,250
3780,250
3790,250
3800,250
3810,250
3820,250
3830,250
3840,250
3850,250
3860,250
3870,250
3880,250
3890,250
3900,250
3910,250
3920,250
3930,250
3940,250
3950,250
3960,250
3970,250
3980,250
3990,250
4000,250
4010,250
4020,250
4030,250
4040,250
4050,250
4060,250
4070,250
4080,250
4090,250
4100,250
4110,250
4120,250
4130,250
4140,250
4150,250
4160,250
4170,250
4180,250
4190,250
4200,250
4210,250
4220,250
4230,250
4240,250
4250,250
4260,250
4270,250
4280,250
4290,250
4300,250
4310,250
4320,250
4330,250
4340,250
4350,250
4360,250
4370,250
4380,250
4390,250
4400,250
4410,250
4420,250
4430,250
4440,250
4450,250
4460,250
4470,250
4480,250
4490,250
4500,250
4510,250
4520,250
4530,250
4540,250
4550,250
4560,250
4570,250
4580,250
4590,250
4600,250
4610,250
4620,250
4630,250
4640,250
4650,250
4660,250
4670,250
4680,250
4690,250
4700,250
4710,250
4720,250
4730,250
4740,250
4750,250
4760,250
4770,250
4780,250
4790,250
4800,250
4810,250
4820,250
4830,250
4840,250
4850,250
4860,250
4870,250
4880,250
4890,250
4900,250
4910,250
4920,250
4930,250
4940,250
4950,250
4960,250
4970,250
4980,250
4990,250
5000,250
5000,260
5000,270
5000,280
5000,290
5000,300
5000,310
5000,320
5000,330
5000,340
5000,350
5000,360
5000,370
5000,380
5000,390
5000,400
5000,410
5000,420
5000,430
5000,440
5000,450
5000,460
5000,470
5000,480
5000,490
5000,500
5000,510
5000,520
5000,530
5000,540
5000,550
5000,560
5000,570
5000,580
5000,590
5000,600
5000,610
5000,620
5000,630
5000,640
5000,650
5000,660
5000,670
5000,680
5000,690
5000,700
5000,710
5000,720
5000,730
5000,740
5000,750
5000,760
5000,770
5000,780
5000,790
5000,800
5000,810
5000,820
5000,830
5000,840
5000,850
5000,860
5000,870
5000,880
5000,890
5000,900
5000,910
5000,920
5000,930
5000,940
5000,950
5000,960
5000,970
5000,980
5000,990
5000,1000
5000,1010
5000,1020
5000,1030
5000,1040
5000,1050
5000,1060
5000,1070
5000,1080
5000,1090
5000,1100
5000,1110
5000,1120
5000,1130
5000,1140
5000,1150
5000,1160
5000,1170
5000,1180
5000,1190
5000,1200
5000,1210
5000,1220
5000,1230
5000,1240
5000,1250
5000,1260
5000,1270
5000,1280
5000,1290
5000,1300
5000,1310
5000,1320
5000,1330
5000,1340
5000,1350
5000,1360
5000,1370
5000,1380
5000,1390
5000,1400
5000,1410
5000,1420
5000,1430
5000,1440
5000,1450
5000,1460
5000,1470
5000,1480
5000,1490
5000,1500
5000,1510
5000,1520
5000,1530
5000,1540
5000,1550
5000,1560
5000,1570
5000,1580
5000,1590
5000,1600
5000,1610
5000,1620
5000,1630
5000,1640
5000,1650
5000,1660
5000,1670
5000,1680
5000,1690
5000,1700
5000,1710
5000,1720
5000,1730
5000,1740
5000,1750
5000,1760
5000,1770
5000,1780
5000,1790
5000,1800
5000,1810
5000,1820
5000,1830
5000,1840
5000,1850
5000,1860
5000,1870
5000,1880
5000,1890
5000,1900
5000,1910
5000,1920
5000,1930
5000,1940
5000,1950
5000,1960
5000,1970
5000,1980
5000,1990
5000,2000
5000,2010
5000,2020
5000,2030
5000,2040
5000,2050
5000,2060
5000,2070
5000,2080
5000,2090
5000,2100
5000,2110
5000,2120
5000,2130
5000,2140
5000,2150
5000,2160
5000,2170
5000,2180
5000,2190
5000,2200
5000,2210
5000,2220
5000,2230
5000,2240
5000,2250
5000,2260
5000,2270
5000,2280
5000,2290
5000,2300
5000,2310
5000,2320
5000,2330
5000,2340
5000,2350
5000,2360
5000,2370
5000,2380
5000,2390
5000,2400
5000,2410
5000,2420
5000,2430
5000,2440
5000,2450
5000,2460
5000,2470
5000,2480
5000,2490
5000,2500
5000,2510
5000,2520
5000,2530
5000,2540
5000,2550
5000,2560
5000,2570
5000,2580
5000,2590
5000,2600
5000,2610
5000,2620
5000,2630
5000,2640
5000,2650
5000,2660
5000,2670
5000,2680
5000,2690
5000,2700
5000,2710
5000,2720
5000,2730
5000,2740
5000,2750
5000,2760
5000,2770
5000,2780
5000,2790
5000,2800
5000,2810
5000,2820
5000,2830
5000,2840
5000,2850
5000,2860
5000,2870
5000,2880
5000,2890
5000,2900
5000,2910
5000,2920
5000,2930
5000,2940
5000,2950
5000,2960
5000,2970
5000,2980
5000,2990
5000,3000
5000,3010
5000,3020
5000,3030
5000,3040
5000,3050
5000,3060
5000,3070
5000,3080
5000,3090
5000,3100
5000,3110
5000,3120
5000,3130
5000,3140
5000,3150
5000,3160
5000,3170
5000,3180
5000,3190
5000,3200
5000,3210
5000,3220
5000,3230
5000,3240
5000,3250
5000,3260
5000,3270
5000,3280
5000,3290
5000,3300
5000,3310
5000,3320
5000,3330
5000,3340
5000,3350
5000,3360
5000,3370
5000,3380
5000,3390
5000,3400
5000,3410
5000,3420
5000,3430
5000,3440
5000,3450
5000,3460
5000,3470
5000,3480
5000,3490
5000,3500
5000,3510
5000,3520
5000,3530
5000,3540
5000,3550
5000,3560
5000,3570
5000,3580
5000,3590
5000,3600
5000,3610
5000,3620
5000,3630
5000,3640
5000,3650
5000,3660
5000,3670
5000,3680
5000,3690
5000,3700
5000,3710
5000,3720
5000,3730
5000,3740
5000,3750
4990,3750
4980,3750
4970,3750
4960,3750
4950,3750
4940,3750
4930,3750
4920,3750
4910,3750
4900,3750
4890,3750
4880,3750
4870,3750
4860,3750
4850,3750
4840,3750
4830,3750
4820,3750
4810,3750
4800,3750
4790,3750
4780,3750
4770,3750
4760,3750
4750,3750
4740,3750
4730,3750
4720,3750
4710,3750
4700,3750
4690,3750
4680,3750
4670,3750
4660,3750
4650,3750
4640,3750
4630,3750
4620,3750
4610,3750
4600,3750
4590,3750
4580,3750
4570,3750
4560,3750
4550,3750
4540,3750
4530,3750
4520,3750
4510,3750
4500,3750
4490,3750
4480,3750
4470,3750
4460,3750
4450,3750
4440,3750
4430,3750
4420,3750
4410,3750
4400,3750
4390,3750
4380,3750
4370,3750
4360,3750
4350,3750
4340,3750
4330,3750
4320,3750
4310,3750
4300,3750
4290,3750
4280,3750
4270,3750
4260,3750
4250,3750
4240,3750
4230,3750
4220,3750
4210,3750
4200,3750
4190,3750
4180,3750
4170,3750
4160,3750
4150,3750
4140,3750
4130,3750
4120,3750
4110,3750
4100,3750
4090,3750
4080,3750
4070,3750
4060,3750
4050,3750
4040,3750
4030,3750
4020,3750
4010,3750
4000,3750
3990,3750
3980,3750
3970,3750
3960,3750
3950,3750
3940,3750
3930,3750
3920,3750
3910,3750
3900,3750
3890,3750
3880,3750
3870,3750
3860,3750
3850,3750
3840,3750
3830,3750
3820,3750
3810,3750
3800,3750
3790,3750
3780,3750
3770,3750
3760,3750
3750,3750
3740,3750
3730,3750
3720,3750
3710,3750
3700,3750
3690,3750
3680,3750
3670,3750
3660,3750
3650,3750
3640,3750
3630,3750
3620,3750
3610,3750
3600,3750
3590,3750
3580,3750
3570,3750
3560,3750
3550,3750
3540,3750
3530,3750
3520,3750
3510,3750
3500,3750
3490,3750
3480,3750
3470,3750
3460,3750
3450,3750
3440,3750
3430,3750
3420,3750
3410,3750
3400,3750
3390,3750
3380,3750
3370,3750
3360,3750
3350,3750
3340,3750
3330,3750
3320,3750
3310,3750
3300,3750
3290,3750
3280,3750
3270,3750
3260,3750
3250,3750
3240,3750
3230,3750
3220,3750
3210,3750
3200,3750
3190,3750
3180,3750
3170,3750
3160,3750
3150,3750
3140,3750
3130,3750
3120,3750
3110,3750
3100,3750
3090,3750
3080,3750
3070,3750
3060,3750
3050,3750
3040,3750
3030,3750
3020,3750
3010,3750
3000,3750
2990,3750
2980,3750
2970,3750
2960,3750
2950,3750
2940,3750
2930,3750
2920,3750
2910,3750
2900,3750
2890,3750
2880,3750
2870,3750
2860,3750
2850,3750
2840,3750
2830,3750
2820,3750
2810,3750
2800,3750
2790,3750
2780,3750
2770,3750
2760,3750
2750,3750
2740,3750
2730,3750
2720,3750
2710,3750
2700,3750
2690,3750
2680,3750
2670,3750
2660,3750
2650,3750
2640,3750
2630,3750
2620,3750
2610,3750
2600,3750
2590,3750
2580,3750
2570,3750
2560,3750
2550,3750
2540,3750
2530,3750
2520,3750
2510,3750
2500,3750
2490,3750
2480,3750
2470,3750
2460,3750
2450,3750
2440,3750
2430,3750
2420,3750
2410,3750
2400,3750
2390,3750
2380,3750
2370,3750
2360,3750
2350,3750
2340,3750
2330,3750
2320,3750
2310,3750
2300,3750
2290,3750
2280,3750
2270,3750
2260,3750
2250,3750
2240,3750
2230,3750
2220,3750
2210,3750
2200,3750
2190,3750
2180,3750
2170,3750
2160,3750
2150,3750
2140,3750
2130,3750
2120,3750
2110,3750
2100,3750
2090,3750
2080,3750
2070,3750
2060,3750
2050,3750
2040,3750
2030,3750
2020,3750
2010,3750
2000,3750
1990,3750
1980,3750
1970,3750
1960,3750
1950,3750
1940,3750
1930,3750
1920,3750
1910,3750
1900,3750
1890,3750
1880,3750
1870,3750
1860,3750
1850,3750
1840,3750
1830,3750
1820,3750
1810,3750
1800,3750
1790,3750
1780,3750
1770,3750
1760,3750
1750,3750
1740,3750
1730,3750
1720,3750
1710,3750
1700,3750
1690,3750
1680,3750
1670,3750
1660,3750
1650,3750
1640,3750
1630,3750
1620,3750
1610,3750
1600,3750
1590,3750
1580,3750
1570,3750
1560,3750
1550,3750
1540,3750
1530,3750
1520,3750
1510,3750
1500,3750
1490,3750
1480,3750
1470,3750
1460,3750
1450,3750
1440,3750
1430,3750
1420,3750
1410,3750
1400,3750
1390,3750
1380,3750
1370,3750
1360,3750
1350,3750
1340,3750
1330,3750
1320,3750
1310,3750
1300,3750
1290,3750
1280,3750
1270,3750
1260,3750
1250,3750
1240,3750
1230,3750
1220,3750
1210,3750
1200,3750
1190,3750
1180,3750
1170,3750
1160,3750
1150,3750
1140,3750
1130,3750
1120,3750
1110,3750
1100,3750
1090,3750
1080,3750
1070,3750
1060,3750
1050,3750
1040,3750
1030,3750
1020,3750
1010,3750
1000,3750
990,3750
980,3750
970,3750
960,3750
950,3750
940,3750
930,3750
920,3750
910,3750
900,3750
890,3750
880,3750
870,3750
860,3750
850,3750
840,3750
830,3750
820,3750
810,3750
800,3750
790,3750
780,3750
770,3750
760,3750
750,3750
740,3750
730,3750
720,3750
710,3750
700,3750
690,3750
680,3750
670,3750
660,3750
650,3750
640,3750
630,3750
620,3750
610,3750
600,3750
590,3750
580,3750
570,3750
560,3750
550,3750
540,3750
530,3750
520,3750
510,3750
500,3750
500,3740
500,3730
500,3720
500,3710
500,3700
500,3690
500,3680
500,3670
500,3660
500,3650
500,3640
500,3630
500,3620
500,3610
500,3600
500,3590
500,3580
500,3570
500,3560
500,3550
500,3540
500,3530
500,3520
500,3510
500,3500
500,3490
500,3480
500,3470
500,3460
500,3450
500,3440
500,3430
500,3420
500,3410
500,3400
500,3390
500,3380
500,3370
500,3360
500,3350
500,3340
500,3330
500,3320
500,3310
500,3300
500,3290
500,3280
500,3270
500,3260
500,3250
500,3240
500,3230
500,3220
500,3210
500,3200
500,3190
500,3180
500,3170
500,3160
500,3150
500,3140
500,3130
500,3120
500,3110
500,3100
500,3090
500,3080
500,3070
500,3060
500,3050
500,3040
500,3030
500,3020
500,3010
500,3000
500,2990
500,2980
500,2970
500,2960
500,2950
500,2940
500,2930
500,2920
500,2910
500,2900
500,2890
500,2880
500,2870
500,2860
500,2850
500,2840
500,2830
500,2820
500,2810
500,2800
500,2790
500,2780
500,2770
500,2760
500,2750
500,2740
500,2730
500,2720
500,2710
500,2700
500,2690
500,2680
500,2670
500,2660
500,2650
500,2640
500,2630
500,2620
500,2610
500,2600
500,2590
500,2580
500,2570
500,2560
500,2550
500,2540
500,2530
500,2520
500,2510
500,2500
500,2490
500,2480
500,2470
500,2460
500,2450
500,2440
500,2430
500,2420
500,2410
500,2400
500,2390
500,2380
500,2370
500,2360
500,2350
500,2340
500,2330
500,2320
500,2310
500,2300
500,2290
500,2280
500,2270
500,2260
500,2250
500,2240
500,2230
500,2220
500,2210
500,2200
500,2190
500,2180
500,2170
500,2160
500,2150
500,2140
500,2130
500,2120
500,2110
500,2100
500,2090
500,2080
500,2070
500,2060
500,2050
500,2040
500,2030
500,2020
500,2010
500,2000
500,1990
500,1980
500,1970
500,1960
500,1950
500,1940
500,1930
500,1920
500,1910
500,1900
500,1890
500,1880
500,1870
500,1860
500,1850
500,1840
500,1830
500,1820
500,1810
500,1800
500,1790
500,1780
500,1770
500,1760
500,1750
500,1740
500,1730
500,1720
500,1710
500,1700
500,1690
500,1680
500,1670
500,1660
500,1650
500,1640
500,1630
500,1620
500,1610
500,1600
500,1590
500,1580
500,1570
500,1560
500,1550
500,1540
500,1530
500,1520
500,1510
500,1500
500,1490
500,1480
500,1470
500,1460
500,1450
500,1440
500,1430
500,1420
500,1410
500,1400
500,1390
500,1380
500,1370
500,1360
500,1350
500,1340
500,1330
500,1320
500,1310
500,1300
500,1290
500,1280
500,1270
500,1260
500,1250
500,1240
500,1230
500,1220
500,1210
500,1200
500,1190
500,1180
500,1170
500,1160
500,1150
500,1140
500,1130
500,1120
500,1110
500,1100
500,1090
500,1080
500,1070
500,1060
500,1050
500,1040
500,1030
500,1020
500,1010
500,1000
500,990
500,980
500,970
500,960
500,950
500,940
500,930
500,920
500,910
500,900
500,890
500,880
500,870
500,860
500,850
500,840
500,830
500,820
500,810
500,800
500,790
500,780
500,770
500,760
500,750
500,740
500,730
500,720
500,710
500,700
500,690
500,680
500,670
500,660
500,650
500,640
500,630
500,620
500,610
500,600
500,590
500,580
500,570
500,560
500,550
500,540
500,530
500,520
500,510
500,500
500,490
500,480
500,470
500,460
500,450
500,440
500,430
500,420
500,410
500,400
500,390
500,380
500,370
500,360
500,350
500,340
500,330
500,320
500,310
500,300
500,290
500,280
500,270
500,260
500,250
