400,200
410,200
420,200
430,200
440,200
450,200
460,200
470,200
480,200
490,200
500,200
510,200
520,200
530,200
540,200
550,200
560,200
570,200
580,200
590,200
600,200
610,200
620,200
630,200
640,200
650,200
660,200
670,200
680,200
690,200
700,200
710,200
720,200
730,200
740,200
750,200
760,200
770,200
780,200
790,200
800,200
810,200
820,200
830,200
840,200
850,200
860,200
870,200
880,200
890,200
900,200
910,200
920,200
930,200
940,200
950,200
960,200
970,200
980,200
990,200
1000,200
1010,200
1020,200
1030,200
1040,200
1050,200
1060,200
1070,200
1080,200
1090,200
1100,200
1110,200
1120,200
1130,200
1140,200
1150,200
1160,200
1170,200
1180,200
1190,200
1200,200
1210,200
1220,200
1230,200
1240,200
1250,200
1260,200
1270,200
1280,200
1290,200
1300,200
1310,200
1320,200
1330,200
1340,200
1350,200
1360,200
1370,200
1380,200
1390,200
1400,200
1410,200
1420,200
1430,200
1440,200
1450,200
1460,200
1470,200
1480,200
1490,200
1500,200
1510,200
1520,200
1530,200
1540,200
1550,200
1560,200
1570,200
1580,200
1590,200
1600,200
1610,200
1620,200
1630,200
1640,200
1650,200
1660,200
1670,200
1680,200
1690,200
1700,200
1710,200
1720,200
1730,200
1740,200
1750,200
1760,200
1770,200
1780,200
1790,200
1800,200
1810,200
1820,200
1830,200
1840,200
1850,200
1860,200
1870,200
1880,200
1890,200
1900,200
1910,200
1920,200
1930,200
1940,200
1950,200
1960,200
1970,200
1980,200
1990,200
2000,200
2010,200
2020,200
2030,200
2040,200
2050,200
2060,200
2070,200
2080,200
2090,200
2100,200
2110,200
2120,200
2130,200
2140,200
2150,200
2160,200
2170,200
2180,200
2190,200
2200,200
2210,200
2220,200
2230,200
2240,200
2250,200
2260,200
2270,200
2280,200
2290,200
2300,200
2310,200
2320,200
2330,200
2340,200
2350,200
2360,200
2370,200
2380,200
2390,200
2400,200
2410,200
2420,200
2430,200
2440,200
2450,200
2460,200
2470,200
2480,200
2490,200
2500,200
2510,200
2520,200
2530,200
2540,200
2550,200
2560,200
2570,200
2580,200
2590,200
2600,200
2610,200
2620,200
2630,200
2640,200
2650,200
2660,200
2670,200
2680,200
2690,200
2700,200
2710,200
2720,200
2730,200
2740,200
2750,200
2760,200
2770,200
2780,200
2790,200
2800,200
2810,200
2820,200
2830,200
2840,200
2850,200
2860,200
2870,200
2880,200
2890,200
2900,200
2910,200
2920,200
2930,200
2940,200
2950,200
2960,200
2970,200
2980,200
2990,200
3000,200
3010,200
3020,200
3030,200
3040,200
3050,200
3060,200
3070,200
3080,200
3090,200
3100,200
3110,200
3120,200
3130,200
3140,200
3150,200
3160,200
3170,200
3180,200
3190,200
3200,200
3210,200
3220,200
3230,200
3240,200
3250,200
3260,200
3270,200
3280,200
3290,200
3300,200
3310,200
3320,200
3330,200
3340,200
3350,200
3360,200
3370,200
3380,200
3390,200
3400,200
3410,200
3420,200
3430,200
3440,200
3450,200
3460,200
3470,200
3480,200
3490,200
3500,200
3510,200
3520,200
3530,200
3540,200
3550,200
3560,200
3570,200
3580,200
3590,200
3600,200
3610,200
3620,200
3630,200
3640,200
3650,200
3660,200
3670,200
3680,200
3690,200
3700,200
3710,200
3720,200
3730,200
3740,200
3750,200
3760,200
3770,200
3780,200
3790,200
3800,200
3810,200
3820,200
3830,200
3840,200
3850,200
3860,200
3870,200
3880,200
3890,200
3900,200
3910,200
3920,200
3930,200
3940,200
3950,200
3960,200
3970,200
3980,200
3990,200
4000,200
4010,200
4020,200
4030,200
4040,200
4050,200
4060,200
4070,200
4080,200
4090,200
4100,200
4110,200
4120,200
4130,200
4140,200
4150,200
4160,200
4170,200
4180,200
4190,200
4200,200
4210,200
4220,200
4230,200
4240,200
4250,200
4260,200
4270,200
4280,200
4290,200
4300,200
4310,200
4320,200
4330,200
4340,200
4350,200
4360,200
4370,200
4380,200
4390,200
4400,200
