400,200
413,199
421,205
435,195
445,199
454,200
463,199
471,203
477,200
491,201
502,200
510,197
522,201
530,199
542,197
548,197
565,197
573,199
584,205
590,199
602,204
610,197
621,200
630,197
644,196
651,199
655,200
669,197
685,200
694,203
703,204
706,200
719,198
727,205
738,198
746,197
757,205
767,198
776,202
795,196
801,199
815,200
815,201
834,204
841,197
853,204
861,204
868,196
880,203
895,195
905,199
913,205
920,204
935,197
939,199
952,204
958,198
972,197
982,198
991,195
997,195
1012,204
1016,205
1035,205
1037,203
1053,205
1059,201
1065,198
1076,196
1091,203
1099,204
1106,204
1123,200
1135,200
1139,204
1152,195
1163,204
1171,205
1177,199
1190,204
1204,201
1205,195
1217,199
1230,195
1242,199
1251,205
1257,195
1266,201
1278,197
1289,202
1303,202
1307,198
1325,196
1326,204
1345,198
1346,199
1355,204
1369,197
1375,202
1389,198
1400,200
1406,203
1420,196
1429,203
1435,200
1455,195
1465,204
1467,197
1484,205
1492,205
1495,202
1511,199
1516,205
1531,202
1544,201
1548,205
1555,195
1570,201
1582,202
1594,205
1605,201
1612,203
1624,199
1629,196
1637,198
1654,200
1663,198
1672,202
1680,199
1689,202
1699,197
1709,202
1721,204
1733,197
1745,197
1745,202
1761,202
1767,201
1781,195
1787,199
1798,198
1808,196
1818,203
1828,201
1840,199
1849,197
1859,200
1872,196
1881,205
1888,201
1895,195
1908,202
1921,202
1928,198
1935,198
1954,201
1963,202
1974,196
1982,204
1986,200
2003,203
2013,202
2018,199
2031,205
2044,205
2053,197
2056,202
2075,200
2084,198
2091,198
2105,202
2107,198
2121,197
2128,204
2144,197
2149,199
2165,200
2170,201
2183,198
2189,197
2195,195
2205,196
2221,196
2228,199
2237,197
2251,199
2262,202
2268,203
2284,198
2292,195
2295,203
2311,200
2318,197
2334,195
2341,205
2351,204
2360,203
2366,200
2383,198
2392,205
2405,196
2411,199
2421,195
2429,196
2437,203
2450,203
2464,195
2473,196
2484,195
2487,195
2504,203
2511,195
2523,203
2528,198
2541,200
2553,196
2561,199
2570,205
2580,198
2592,197
2602,205
2611,204
2616,205
2629,196
2639,199
2649,203
2661,195
2668,201
2683,203
2694,198
2704,199
2711,199
2724,201
2725,197
2744,202
2747,202
2761,195
2769,195
2779,205
2787,195
2800,196
2814,196
2822,197
2829,202
2842,196
2854,198
2857,197
2870,200
2884,203
2891,198
2905,203
2915,199
2919,204
2931,205
2941,198
2955,199
2964,197
2971,198
2981,204
2993,202
2999,200
3013,202
3023,199
3029,204
3045,204
3046,198
3062,200
3075,200
3082,195
3093,203
3103,201
3113,197
3116,198
3132,205
3144,204
3149,202
3160,195
3173,197
3185,202
3186,204
3195,205
3210,205
3224,205
3230,198
3243,202
3251,200
3262,195
3271,200
3281,195
3289,195
3303,196
3312,203
3323,199
3327,199
3340,204
3351,199
3358,205
3375,202
3378,200
3388,203
3401,198
3414,197
3419,205
3433,202
3442,196
3449,200
3455,195
3472,202
3475,201
3491,198
3495,196
3506,200
3518,201
3535,198
3545,204
3551,204
3559,202
3569,204
3582,196
3586,199
3605,198
3613,200
3618,205
3633,196
3639,203
3647,199
3659,201
3669,198
3684,202
3686,195
3697,199
3713,200
3715,195
3726,204
3742,205
3748,203
3757,205
3775,197
3781,196
3788,195
3803,195
3805,198
3820,205
3834,205
3843,196
3847,195
3863,203
3874,203
3876,202
3888,199
3895,197
3909,203
3923,195
3926,201
3939,204
3951,203
3956,205
3971,196
3985,201
3993,195
3996,196
4014,195
4021,201
4028,195
4043,199
4047,205
4061,204
4068,201
4077,200
4094,196
4103,195
4109,202
4121,201
4130,205
4135,200
4151,202
4160,200
4175,204
4180,199
4189,195
4200,199
4213,198
4222,197
4228,199
4241,195
4255,200
4258,204
4270,201
4279,201
4290,202
4302,204
4309,196
4321,202
4334,195
4337,204
4353,199
4362,200
4370,200
4375,205
4393,197
4401,197
